gx kx gy ky
20 5.712e-20 62 0.02023
20.35 2.286e-19 62.2 0.02702
20.7 8.946e-19 62.4 0.03564
21.06 3.423e-18 62.6 0.04643
21.41 1.281e-17 62.8 0.05975
21.76 4.684e-17 63.01 0.07597
22.11 1.675e-16 63.21 0.09546
22.46 5.859e-16 63.41 0.1186
22.81 2.003e-15 63.61 0.1456
23.17 6.697e-15 63.81 0.1769
23.52 2.189e-14 64.01 0.2125
23.87 6.997e-14 64.21 0.2527
24.22 2.187e-13 64.41 0.2975
24.57 6.682e-13 64.61 0.3468
24.92 1.996e-12 64.81 0.4005
25.28 5.831e-12 65.02 0.4583
25.63 1.665e-11 65.22 0.52
25.98 4.651e-11 65.42 0.585
26.33 1.27e-10 65.62 0.6531
26.68 3.391e-10 65.82 0.7235
27.04 8.851e-10 66.02 0.7958
27.39 2.259e-09 66.22 0.8694
27.74 5.638e-09 66.42 0.9438
28.09 1.376e-08 66.62 1.019
28.44 3.282e-08 66.82 1.094
28.79 7.657e-08 67.03 1.169
29.15 1.747e-07 67.23 1.244
29.5 3.895e-07 67.43 1.32
29.85 8.494e-07 67.63 1.397
30.2 1.811e-06 67.83 1.477
30.55 3.775e-06 68.03 1.561
30.9 7.695e-06 68.23 1.652
31.26 1.534e-05 68.43 1.753
31.61 2.989e-05 68.63 1.866
31.96 5.694e-05 68.83 1.994
32.31 0.0001061 69.04 2.142
32.66 0.0001932 69.24 2.314
33.02 0.0003442 69.44 2.513
33.37 0.0005994 69.64 2.742
33.72 0.001021 69.84 3.006
34.07 0.001699 70.04 3.307
34.42 0.002767 70.24 3.647
34.77 0.004404 70.44 4.028
35.13 0.006856 70.64 4.451
35.48 0.01044 70.84 4.915
35.83 0.01553 71.05 5.42
36.18 0.02261 71.25 5.964
36.53 0.03218 71.45 6.543
36.88 0.04481 71.65 7.154
37.24 0.06102 71.85 7.791
37.59 0.08128 72.05 8.449
37.94 0.1059 72.25 9.121
38.29 0.1351 72.45 9.799
38.64 0.1686 72.65 10.48
38.99 0.206 72.85 11.14
39.35 0.2465 73.06 11.79
39.7 0.2891 73.26 12.42
40.05 0.3325 73.46 13.01
40.4 0.3752 73.66 13.56
40.75 0.416 73.86 14.07
41.11 0.4537 74.06 14.52
41.46 0.4875 74.26 14.93
41.81 0.517 74.46 15.28
42.16 0.5426 74.66 15.57
42.51 0.5647 74.86 15.81
42.86 0.5845 75.07 16.01
43.22 0.6035 75.27 16.15
43.57 0.623 75.47 16.24
43.92 0.6446 75.67 16.29
44.27 0.6696 75.87 16.31
44.62 0.699 76.07 16.28
44.97 0.7336 76.27 16.22
45.33 0.7739 76.47 16.12
45.68 0.82 76.67 15.99
46.03 0.872 76.87 15.82
46.38 0.9297 77.08 15.62
46.73 0.993 77.28 15.39
47.09 1.062 77.48 15.12
47.44 1.136 77.68 14.82
47.79 1.216 77.88 14.5
48.14 1.302 78.08 14.14
48.49 1.394 78.28 13.77
48.84 1.493 78.48 13.39
49.2 1.601 78.68 12.99
49.55 1.721 78.88 12.59
49.9 1.855 79.09 12.2
50.25 2.008 79.29 11.82
50.6 2.184 79.49 11.45
50.95 2.389 79.69 11.11
51.31 2.627 79.89 10.79
51.66 2.904 80.09 10.5
52.01 3.225 80.29 10.23
52.36 3.592 80.49 9.994
52.71 4.006 80.69 9.777
53.07 4.465 80.89 9.578
53.42 4.966 81.1 9.392
53.77 5.504 81.3 9.216
54.12 6.07 81.5 9.043
54.47 6.657 81.7 8.867
54.82 7.257 81.9 8.685
55.18 7.863 82.1 8.492
55.53 8.47 82.3 8.284
55.88 9.074 82.5 8.058
56.23 9.678 82.7 7.814
56.58 10.29 82.9 7.55
56.93 10.9 83.11 7.267
57.29 11.54 83.31 6.967
57.64 12.2 83.51 6.652
57.99 12.9 83.71 6.324
58.34 13.65 83.91 5.988
58.69 14.44 84.11 5.648
59.05 15.27 84.31 5.307
59.4 16.14 84.51 4.971
59.75 17.03 84.71 4.643
60.1 17.92 84.91 4.328
60.45 18.79 85.12 4.029
60.8 19.61 85.32 3.75
61.16 20.35 85.52 3.491
61.51 20.97 85.72 3.256
61.86 21.46 85.92 3.044
62.21 21.78 86.12 2.855
62.56 21.92 86.32 2.689
62.91 21.87 86.52 2.543
63.27 21.64 86.72 2.415
63.62 21.23 86.92 2.303
63.97 20.65 87.13 2.204
64.32 19.93 87.33 2.114
64.67 19.11 87.53 2.031
65.03 18.2 87.73 1.951
65.38 17.25 87.93 1.872
65.73 16.29 88.13 1.792
66.08 15.34 88.33 1.709
66.43 14.43 88.53 1.622
66.78 13.58 88.73 1.531
67.14 12.8 88.93 1.435
67.49 12.09 89.14 1.335
67.84 11.47 89.34 1.233
68.19 10.92 89.54 1.129
68.54 10.45 89.74 1.024
68.89 10.04 89.94 0.9209
69.25 9.683 90.14 0.8199
69.6 9.375 90.34 0.7228
69.95 9.101 90.54 0.6308
70.3 8.851 90.74 0.5449
70.65 8.613 90.94 0.4657
71.01 8.377 91.15 0.3938
71.36 8.134 91.35 0.3294
71.71 7.875 91.55 0.2725
72.06 7.592 91.75 0.223
72.41 7.281 91.95 0.1804
72.76 6.937 92.15 0.1443
73.12 6.561 92.35 0.1141
73.47 6.154 92.55 0.08922
73.82 5.721 92.75 0.06892
74.17 5.266 92.95 0.05262
74.52 4.799 93.16 0.0397
74.87 4.327 93.36 0.02959
75.23 3.859 93.56 0.02179
75.58 3.404 93.76 0.01585
75.93 2.969 93.96 0.01139
76.28 2.561 94.16 0.008079
76.63 2.182 94.36 0.005661
76.98 1.838 94.56 0.003916
77.34 1.53 94.76 0.002675
77.69 1.257 94.96 0.001804
78.04 1.02 95.17 0.001201
78.39 0.8163 95.37 0.0007893
78.74 0.6443 95.57 0.000512
79.1 0.5011 95.77 0.0003278
79.45 0.3839 95.97 0.0002071
79.8 0.2894 96.17 0.0001291
80.15 0.2146 96.37 7.944e-05
80.5 0.1564 96.57 4.823e-05
80.85 0.112 96.77 2.889e-05
81.21 0.07876 96.97 1.708e-05
81.56 0.05435 97.18 9.959e-06
81.91 0.03679 97.38 5.73e-06
82.26 0.02442 97.58 3.252e-06
82.61 0.01589 97.78 1.821e-06
82.96 0.01013 97.98 1.006e-06
83.32 0.006326 98.18 5.482e-07
83.67 0.00387 98.38 2.947e-07
84.02 0.002318 98.58 1.562e-07
84.37 0.001359 98.78 8.172e-08
84.72 0.00078 98.98 4.216e-08
85.08 0.0004382 99.19 2.145e-08
85.43 0.0002409 99.39 1.077e-08
85.78 0.0001296 99.59 5.331e-09
86.13 6.82e-05 99.79 2.603e-09
86.48 3.511e-05 99.99 1.254e-09
86.83 1.769e-05 100.2 5.954e-10
87.19 8.716e-06 100.4 2.789e-10
87.54 4.201e-06 100.6 1.289e-10
87.89 1.981e-06 100.8 5.874e-11
88.24 9.134e-07 101 2.64e-11
88.59 4.12e-07 101.2 1.17e-11
88.94 1.818e-07 101.4 5.116e-12
89.3 7.842e-08 101.6 2.206e-12
89.65 3.309e-08 101.8 9.379e-13
90 1.366e-08 102 3.933e-13
