x1 y1 x2 y2
44.01 89.23 60.01 81.05
46.24 86.75 67.83 81.67
41.94 89.35 62.46 80.15
37.32 85.94 63.53 77.93
40.59 87.15 61.11 73.51
36.56 92.32 70.5 75.64
44.45 83.32 62.86 71.84
54.05 87.98 48.7 80.36
40.31 85.64 58.5 82.89
39.35 92.46 50.2 86.4
47.67 85.63 41.87 87.66
46.68 90.17 59.55 74.18
44.79 89.09 71.67 72.65
37.02 87.24 63.31 75.68
43.78 92.32 55.38 83.7
49.21 91.08 56.89 88.16
33.92 92.06 70.35 75.17
40.57 89.39 64.02 75.01
29.74 93.15 63.31 74.1
34.33 89.56 62.65 77.99
30.19 96.28 63.25 77.31
42.24 88.15 68.24 71.8
34.49 91.91 66.59 76.65
46.03 86.29 64.4 73.64
45.18 87 56.22 84.81
42.6 86.13 66.32 79.81
25.12 98.31 58.55 83.61
39.96 89.89 70.11 73.07
43.64 91.63 54.74 83.61
44.85 88.76 62.11 78.01
32.52 90.87 62.95 76.78
40.42 89.3 54.39 81.05
36.66 89.89 74.19 68.47
37.93 90.96 72.49 68.82
51.96 85.48 59.99 81.99
37.94 90.16 68.02 74.98
43.76 85.49 65.46 77.51
50.63 84.78 46.01 89.36
39.62 94.7 64.63 71.67
43.16 87.52 62.6 75.68
44.83 85.99 63.54 78.3
44.48 89.72 56 82.61
34.81 95.6 61.25 77.63
44.57 85.04 61.84 81.85
54.19 85.2 70.72 74.97
32.4 91.07 65.17 73.07
50.45 82.36 62.96 75.04
44.9 90.62 72.94 75.81
39.19 90.48 59.39 81.22
59 84.38 60.47 73.14
49.72 85.21 51.19 87.98
35.01 93.06 73.2 75.02
44.56 87.42 69.27 79.29
48.33 87.24 68.96 73.91
42.58 86.57 67.35 74.97
49.12 84.2 63.72 74.05
43.5 92.63 64.4 85.45
49 86.08 61.36 78.22
54.79 86.31 61.68 83.72
38.93 90.53 63.35 75.76
45.52 87.37 72.83 73.81
40.53 88.79 66.61 70.92
44.95 90.33 62.62 76.96
35.1 91.06 59.23 82.96
39.66 90 58.87 75.98
42.53 89.53 73.42 76.43
50.74 89.9 66.29 77.5
52.59 88.02 63.44 74.45
34.07 93.17 60.75 77.47
38.04 89.44 55.79 79.99
48.85 83.85 62.57 78.05
29.06 96.25 68.68 73.56
40.53 92.62 60.45 76.58
43.27 88.87 61.52 77.73
53.43 87.39 61.56 75.4
49.17 89.38 63.71 73.53
41.55 91.95 52.65 82.82
41.24 92.28 61.47 81.56
42.12 88.42 57.45 75.77
55.43 89.28 68.75 75.25
40.79 86.79 57.99 78.32
41.72 91.97 66.75 73.07
46.64 89.44 72.91 75.97
43.09 91.56 60.96 77.32
42.52 94.36 59.09 84.67
35.64 95.53 64.24 74.91
43.91 86.05 62.99 79.24
40.67 85.67 56.54 80.37
52.75 88.33 66 74.15
48.9 84.79 76.1 73.59
43.82 89.03 61.32 78.31
49.01 89.58 61.68 80.56
41.45 85.54 56.21 81.11
51.89 80.99 65.07 73.53
43.96 89.69 54.89 81.56
48.38 87.72 55.8 81.62
34.32 91.46 71.32 77.07
46.6 88.27 57.11 77.92
31.34 90.81 70.03 74.5
28.74 89.95 72.91 67.73
41.72 89.3 64.69 79.28
37.25 88.63 66.6 72.81
45.23 84.33 75.69 66.13
60.84 84.93 61.72 78.42
37.76 90.84 59.15 83.39
39.32 91.55 54.2 77.34
45.54 85.93 63.27 74.39
47.7 86.11 72.61 71.01
42.68 86.83 69.24 71.39
42.46 87.19 56.88 82.15
49.27 87.82 57.44 78.09
47.9 85.72 59.72 77.26
36.25 92.41 64.9 78.95
43.41 90.07 61.67 76.22
44.26 94.18 64.39 78.72
36.09 87.91 64.93 73.97
45.95 90.68 61.06 75.05
37.57 90.83 62.74 72.25
51.29 86.63 64.34 83.31
45.45 84.77 62.45 77.24
