gx kx gy ky
20 0.05003 62 1.44e-54
20.35 0.06678 62.2 1.931e-53
20.7 0.08756 62.4 2.519e-52
21.06 0.1128 62.6 3.197e-51
21.41 0.143 62.8 3.945e-50
21.76 0.1783 63.01 4.737e-49
22.11 0.2189 63.21 5.532e-48
22.46 0.265 63.41 6.285e-47
22.81 0.3167 63.61 6.946e-46
23.17 0.374 63.81 7.467e-45
23.52 0.437 64.01 7.809e-44
23.87 0.506 64.21 7.943e-43
24.22 0.5815 64.41 7.86e-42
24.57 0.6641 64.61 7.566e-41
24.92 0.7547 64.81 7.084e-40
25.28 0.8542 65.02 6.452e-39
25.63 0.9636 65.22 5.717e-38
25.98 1.084 65.42 4.927e-37
26.33 1.215 65.62 4.131e-36
26.68 1.358 65.82 3.369e-35
27.04 1.513 66.02 2.672e-34
27.39 1.678 66.22 2.062e-33
27.74 1.854 66.42 1.548e-32
28.09 2.039 66.62 1.13e-31
28.44 2.233 66.82 8.03e-31
28.79 2.434 67.03 5.549e-30
29.15 2.643 67.23 3.729e-29
29.5 2.86 67.43 2.438e-28
29.85 3.088 67.63 1.551e-27
30.2 3.328 67.83 9.595e-27
30.55 3.583 68.03 5.775e-26
30.9 3.856 68.23 3.381e-25
31.26 4.15 68.43 1.925e-24
31.61 4.466 68.63 1.066e-23
31.96 4.806 68.83 5.747e-23
32.31 5.17 69.04 3.012e-22
32.66 5.557 69.24 1.536e-21
33.02 5.964 69.44 7.619e-21
33.37 6.388 69.64 3.676e-20
33.72 6.824 69.84 1.725e-19
34.07 7.268 70.04 7.878e-19
34.42 7.715 70.24 3.499e-18
34.77 8.163 70.44 1.511e-17
35.13 8.607 70.64 6.352e-17
35.48 9.048 70.84 2.597e-16
35.83 9.485 71.05 1.033e-15
36.18 9.92 71.25 3.994e-15
36.53 10.36 71.45 1.503e-14
36.88 10.8 71.65 5.502e-14
37.24 11.25 71.85 1.959e-13
37.59 11.71 72.05 6.785e-13
37.94 12.19 72.25 2.286e-12
38.29 12.7 72.45 7.493e-12
38.64 13.22 72.65 2.389e-11
38.99 13.77 72.85 7.409e-11
39.35 14.33 73.06 2.235e-10
39.7 14.91 73.26 6.559e-10
40.05 15.5 73.46 1.873e-09
40.4 16.09 73.66 5.2e-09
40.75 16.66 73.86 1.405e-08
41.11 17.2 74.06 3.692e-08
41.46 17.71 74.26 9.438e-08
41.81 18.16 74.46 2.347e-07
42.16 18.53 74.66 5.678e-07
42.51 18.83 74.86 1.336e-06
42.86 19.02 75.07 3.059e-06
43.22 19.11 75.27 6.813e-06
43.57 19.09 75.47 1.476e-05
43.92 18.96 75.67 3.111e-05
44.27 18.72 75.87 6.381e-05
44.62 18.37 76.07 0.0001273
44.97 17.94 76.27 0.0002471
45.33 17.42 76.47 0.0004667
45.68 16.85 76.67 0.0008577
46.03 16.24 76.87 0.001534
46.38 15.6 77.08 0.002669
46.73 14.95 77.28 0.004521
47.09 14.3 77.48 0.007453
47.44 13.67 77.68 0.01196
47.79 13.06 77.88 0.01869
48.14 12.47 78.08 0.02844
48.49 11.9 78.28 0.04215
48.84 11.36 78.48 0.06088
49.2 10.83 78.68 0.08569
49.55 10.32 78.88 0.1176
49.9 9.819 79.09 0.1575
50.25 9.328 79.29 0.206
50.6 8.845 79.49 0.2632
50.95 8.37 79.69 0.3289
51.31 7.902 79.89 0.4026
51.66 7.442 80.09 0.4834
52.01 6.991 80.29 0.5704
52.36 6.549 80.49 0.6631
52.71 6.117 80.69 0.7613
53.07 5.694 80.89 0.866
53.42 5.281 81.1 0.9793
53.77 4.879 81.3 1.105
54.12 4.487 81.5 1.248
54.47 4.108 81.7 1.416
54.82 3.743 81.9 1.616
55.18 3.395 82.1 1.86
55.53 3.065 82.3 2.157
55.88 2.756 82.5 2.518
56.23 2.472 82.7 2.954
56.58 2.215 82.9 3.474
56.93 1.985 83.11 4.083
57.29 1.783 83.31 4.787
57.64 1.609 83.51 5.585
57.99 1.46 83.71 6.47
58.34 1.335 83.91 7.434
58.69 1.229 84.11 8.46
59.05 1.14 84.31 9.529
59.4 1.062 84.51 10.62
59.75 0.9926 84.71 11.69
60.1 0.9278 84.91 12.73
60.45 0.865 85.12 13.71
60.8 0.8021 85.32 14.61
61.16 0.7381 85.52 15.39
61.51 0.6726 85.72 16.07
61.86 0.6059 85.92 16.61
62.21 0.5387 86.12 17.05
62.56 0.4723 86.32 17.37
62.91 0.4078 86.52 17.6
63.27 0.3467 86.72 17.76
63.62 0.2899 86.92 17.87
63.97 0.2384 87.13 17.96
64.32 0.1927 87.33 18.07
64.67 0.153 87.53 18.19
65.03 0.1194 87.73 18.37
65.38 0.0915 87.93 18.59
65.73 0.06885 88.13 18.88
66.08 0.05087 88.33 19.21
66.43 0.03689 88.53 19.58
66.78 0.02626 88.73 19.96
67.14 0.01835 88.93 20.32
67.49 0.01258 89.14 20.64
67.84 0.008463 89.34 20.88
68.19 0.005586 89.54 21.01
68.54 0.003618 89.74 21.03
68.89 0.002298 89.94 20.91
69.25 0.001432 90.14 20.66
69.6 0.0008753 90.34 20.28
69.95 0.0005248 90.54 19.78
70.3 0.0003086 90.74 19.18
70.65 0.0001779 90.94 18.49
71.01 0.0001006 91.15 17.74
71.36 5.581e-05 91.35 16.93
71.71 3.035e-05 91.55 16.08
72.06 1.618e-05 91.75 15.19
72.41 8.463e-06 91.95 14.27
72.76 4.339e-06 92.15 13.33
73.12 2.181e-06 92.35 12.38
73.47 1.075e-06 92.55 11.42
73.82 5.196e-07 92.75 10.47
74.17 2.462e-07 92.95 9.54
74.52 1.144e-07 93.16 8.647
74.87 5.209e-08 93.36 7.806
75.23 2.326e-08 93.56 7.031
75.58 1.018e-08 93.76 6.331
75.93 4.37e-09 93.96 5.714
76.28 1.839e-09 94.16 5.181
76.63 7.585e-10 94.36 4.73
76.98 3.067e-10 94.56 4.352
77.34 1.216e-10 94.76 4.039
77.69 4.726e-11 94.96 3.776
78.04 1.8e-11 95.17 3.551
78.39 6.725e-12 95.37 3.349
78.74 2.462e-12 95.57 3.16
79.1 8.838e-13 95.77 2.973
79.45 3.11e-13 95.97 2.784
79.8 1.073e-13 96.17 2.589
80.15 3.627e-14 96.37 2.388
80.5 1.202e-14 96.57 2.184
80.85 3.907e-15 96.77 1.981
81.21 1.245e-15 96.97 1.784
81.56 3.887e-16 97.18 1.596
81.91 1.19e-16 97.38 1.422
82.26 3.571e-17 97.58 1.264
82.61 1.05e-17 97.78 1.122
82.96 3.029e-18 97.98 0.9959
83.32 8.563e-19 98.18 0.883
83.67 2.373e-19 98.38 0.7814
84.02 6.446e-20 98.58 0.6885
84.37 1.717e-20 98.78 0.6023
84.72 4.481e-21 98.98 0.5216
85.08 1.147e-21 99.19 0.4458
85.43 2.877e-22 99.39 0.3749
85.78 7.074e-23 99.59 0.3096
86.13 1.705e-23 99.79 0.2504
86.48 4.029e-24 99.99 0.1981
86.83 9.334e-25 100.2 0.1531
87.19 2.119e-25 100.4 0.1155
87.54 4.718e-26 100.6 0.08493
87.89 1.029e-26 100.8 0.06086
88.24 2.202e-27 101 0.04249
88.59 4.617e-28 101.2 0.02888
88.94 9.491e-29 101.4 0.01911
89.3 1.912e-29 101.6 0.01231
89.65 3.777e-30 101.8 0.007715
90 7.313e-31 102 0.004705
