a1x a1y a2x a2y b1x b1y b2x b2y
45.67 90.3 48.44 91.65 65.22 79.13 67.51 80.8
45.36 90.45 47.82 91.95 64.92 79.35 66.91 81.23
45.04 90.6 47.18 92.23 64.61 79.56 66.29 81.65
44.71 90.74 46.52 92.51 64.3 79.76 65.67 82.06
44.38 90.87 45.86 92.78 63.98 79.96 65.04 82.45
44.04 91 45.19 93.04 63.66 80.15 64.4 82.83
43.71 91.12 44.51 93.29 63.34 80.33 63.76 83.2
43.36 91.24 43.83 93.53 63.02 80.51 63.11 83.55
43.02 91.35 43.14 93.75 62.7 80.67 62.47 83.88
42.68 91.46 42.46 93.96 62.37 80.83 61.82 84.19
42.34 91.56 41.77 94.15 62.05 80.98 61.18 84.49
42 91.65 41.09 94.33 61.74 81.12 60.55 84.77
41.66 91.73 40.42 94.5 61.42 81.25 59.92 85.02
41.32 91.81 39.75 94.65 61.11 81.36 59.3 85.26
40.99 91.87 39.09 94.79 60.81 81.47 58.69 85.47
40.67 91.93 38.44 94.9 60.51 81.57 58.09 85.66
40.35 91.98 37.8 95.01 60.21 81.65 57.5 85.83
40.04 92.03 37.18 95.09 59.93 81.72 56.93 85.98
39.74 92.06 36.57 95.16 59.65 81.78 56.38 86.1
39.44 92.08 35.98 95.21 59.38 81.83 55.84 86.2
39.16 92.1 35.41 95.24 59.13 81.87 55.33 86.27
38.88 92.11 34.86 95.26 58.88 81.89 54.83 86.32
38.62 92.11 34.33 95.26 58.64 81.9 54.36 86.34
38.37 92.1 33.83 95.24 58.42 81.9 53.91 86.34
38.13 92.08 33.35 95.2 58.21 81.89 53.49 86.31
37.9 92.05 32.9 95.15 58.01 81.87 53.09 86.26
37.69 92.02 32.48 95.08 57.82 81.83 52.72 86.19
37.49 91.97 32.08 94.99 57.65 81.78 52.38 86.09
37.31 91.92 31.72 94.88 57.5 81.72 52.07 85.97
37.14 91.86 31.39 94.76 57.36 81.64 51.79 85.82
36.99 91.79 31.09 94.62 57.23 81.56 51.54 85.65
36.86 91.71 30.82 94.47 57.12 81.46 51.32 85.46
36.74 91.63 30.59 94.3 57.03 81.35 51.13 85.24
36.64 91.54 30.39 94.11 56.95 81.24 50.98 85
36.56 91.44 30.22 93.92 56.89 81.11 50.86 84.75
36.5 91.33 30.09 93.7 56.85 80.97 50.78 84.47
36.45 91.22 30 93.48 56.82 80.82 50.72 84.17
36.42 91.1 29.94 93.24 56.81 80.66 50.7 83.85
36.41 90.97 29.92 92.99 56.82 80.49 50.72 83.52
36.42 90.84 29.93 92.73 56.85 80.32 50.77 83.17
36.44 90.71 29.98 92.46 56.89 80.13 50.85 82.8
36.49 90.57 30.07 92.18 56.95 79.94 50.97 82.42
36.55 90.42 30.19 91.89 57.02 79.75 51.12 82.02
36.63 90.27 30.35 91.59 57.11 79.54 51.3 81.61
36.72 90.12 30.54 91.28 57.22 79.33 51.52 81.19
36.84 89.96 30.77 90.97 57.35 79.12 51.77 80.76
36.97 89.81 31.03 90.65 57.49 78.9 52.05 80.33
37.11 89.64 31.32 90.33 57.64 78.67 52.36 79.88
37.28 89.48 31.65 90 57.81 78.45 52.69 79.42
37.45 89.32 32.01 89.67 57.99 78.22 53.06 78.96
37.65 89.15 32.4 89.34 58.19 77.98 53.46 78.5
37.86 88.98 32.81 89.01 58.4 77.75 53.88 78.03
38.08 88.82 33.26 88.68 58.62 77.52 54.32 77.56
38.32 88.65 33.73 88.34 58.86 77.28 54.79 77.1
38.57 88.49 34.23 88.01 59.1 77.05 55.28 76.63
38.83 88.32 34.75 87.69 59.36 76.82 55.8 76.16
39.1 88.16 35.3 87.36 59.63 76.58 56.33 75.7
39.38 88 35.86 87.04 59.9 76.36 56.88 75.25
39.67 87.84 36.45 86.73 60.19 76.13 57.45 74.79
39.98 87.69 37.05 86.42 60.48 75.91 58.04 74.35
40.29 87.54 37.67 86.12 60.78 75.69 58.64 73.92
40.6 87.39 38.31 85.83 61.09 75.48 59.25 73.49
40.93 87.25 38.95 85.54 61.4 75.27 59.87 73.08
41.26 87.11 39.61 85.27 61.71 75.07 60.5 72.68
41.59 86.98 40.28 85 62.03 74.88 61.13 72.29
41.93 86.85 40.95 84.75 62.35 74.69 61.77 71.92
42.27 86.73 41.63 84.51 62.67 74.51 62.41 71.56
42.61 86.62 42.32 84.28 62.99 74.34 63.06 71.22
42.95 86.51 43 84.06 63.31 74.18 63.7 70.89
43.3 86.41 43.69 83.86 63.64 74.03 64.35 70.59
43.64 86.32 44.37 83.67 63.96 73.88 64.99 70.3
43.98 86.23 45.05 83.5 64.27 73.75 65.62 70.04
44.31 86.15 45.72 83.34 64.58 73.63 66.24 69.79
44.64 86.08 46.39 83.2 64.89 73.52 66.86 69.56
44.97 86.02 47.04 83.07 65.2 73.41 67.47 69.36
45.29 85.96 47.69 82.96 65.49 73.32 68.06 69.18
45.61 85.91 48.32 82.87 65.78 73.25 68.64 69.03
45.92 85.88 48.93 82.79 66.06 73.18 69.2 68.89
46.22 85.85 49.53 82.73 66.33 73.13 69.74 68.78
46.51 85.82 50.11 82.69 66.6 73.08 70.27 68.7
46.79 85.81 50.67 82.67 66.85 73.05 70.77 68.64
47.06 85.81 51.21 82.66 67.09 73.03 71.26 68.6
47.31 85.81 51.72 82.67 67.32 73.03 71.72 68.59
47.56 85.83 52.21 82.7 67.54 73.04 72.15 68.6
47.79 85.85 52.68 82.74 67.74 73.05 72.56 68.64
48.01 85.88 53.12 82.81 67.94 73.09 72.95 68.7
48.21 85.92 53.53 82.89 68.11 73.13 73.3 68.79
48.4 85.97 53.9 82.98 68.28 73.18 73.63 68.9
48.58 86.03 54.25 83.1 68.42 73.25 73.92 69.04
48.74 86.09 54.57 83.23 68.56 73.33 74.19 69.2
48.88 86.17 54.85 83.37 68.67 73.42 74.42 69.38
49 86.25 55.11 83.53 68.78 73.52 74.63 69.58
49.11 86.33 55.32 83.71 68.86 73.64 74.8 69.81
49.2 86.43 55.51 83.9 68.93 73.76 74.93 70.06
49.28 86.53 55.65 84.11 68.98 73.9 75.04 70.32
49.33 86.64 55.76 84.33 69.02 74.04 75.11 70.61
49.37 86.76 55.84 84.56 69.03 74.19 75.14 70.92
49.39 86.88 55.88 84.8 69.03 74.36 75.14 71.25
49.39 87.01 55.88 85.06 69.02 74.53 75.11 71.59
49.38 87.14 55.85 85.32 68.98 74.71 75.04 71.95
49.34 87.28 55.78 85.6 68.93 74.89 74.94 72.32
49.29 87.42 55.68 85.89 68.87 75.09 74.81 72.71
49.22 87.57 55.54 86.18 68.78 75.29 74.64 73.11
49.13 87.72 55.36 86.48 68.68 75.5 74.44 73.53
49.03 87.88 55.15 86.79 68.57 75.71 74.21 73.95
48.91 88.03 54.91 87.11 68.44 75.93 73.95 74.39
48.77 88.19 54.63 87.43 68.29 76.15 73.65 74.83
48.61 88.36 54.32 87.75 68.13 76.37 73.33 75.28
48.44 88.52 53.98 88.08 67.95 76.6 72.98 75.74
48.25 88.69 53.61 88.41 67.76 76.83 72.6 76.2
48.05 88.85 53.2 88.74 67.56 77.07 72.19 76.67
47.84 89.02 52.77 89.08 67.34 77.3 71.75 77.13
47.61 89.18 52.31 89.41 67.11 77.54 71.3 77.6
47.36 89.35 51.83 89.74 66.87 77.77 70.81 78.07
47.11 89.51 51.32 90.07 66.62 78 70.31 78.54
46.84 89.68 50.78 90.39 66.36 78.23 69.79 79
46.56 89.84 50.23 90.72 66.08 78.46 69.24 79.46
46.28 90 49.65 91.03 65.8 78.69 68.68 79.91
45.98 90.15 49.06 91.34 65.52 78.91 68.11 80.36
45.67 90.3 48.44 91.65 65.22 79.13 67.51 80.8
