x y g
12.68 0.7374 1
9.951 0.7467 1
13.74 0.7873 1
14.21 0.8261 1
8.446 0.7517 1
9.493 0.7146 1
12.28 0.7126 1
11.34 0.8043 1
11.96 0.817 1
10.29 0.689 1
14.06 0.682 1
13.8 0.777 1
12.14 0.6963 1
14.7 0.8184 1
13.05 0.7259 1
10.28 0.6959 1
12.82 0.8358 1
10.1 0.6998 1
14.06 0.7212 1
11.89 0.6977 1
11.61 0.6908 1
10.62 0.6738 1
14.95 0.68 1
11.67 0.7014 1
11.11 0.6796 1
11.26 0.7764 1
13.21 0.7925 1
12.82 0.7409 1
12.93 0.7272 1
12.97 0.7608 1
17.64 0.8275 1
11.15 0.8232 1
10.94 0.6778 1
10.36 0.7027 1
13.41 0.7126 1
14.7 0.7149 1
11.76 0.7728 1
10.32 0.7449 1
10.34 0.6789 1
13.49 0.7373 1
13.72 0.7643 1
13.23 0.6883 1
10.65 0.82 1
12.51 0.6794 1
12.25 0.8365 1
12.48 0.6878 1
14.04 0.8218 1
12.49 0.8325 1
13.56 0.8463 1
12.15 0.8144 1
12.64 0.8103 1
13.44 0.7856 1
9.231 0.8102 1
11.33 0.6942 1
11.03 0.7665 1
10.7 0.7626 1
11.42 0.8244 1
15.71 0.7533 1
10.27 0.7393 1
14.28 0.7851 1
14.3 1.718 2
17.26 1.695 2
18.36 1.756 2
19.29 1.745 2
19.56 1.712 2
19.75 1.736 2
17.23 1.736 2
16.98 1.729 2
19.89 1.738 2
17.58 1.793 2
15.19 1.723 2
15.51 1.841 2
15.98 1.835 2
19.09 1.757 2
18.31 1.729 2
19.52 1.766 2
17.06 1.823 2
18.35 1.787 2
19.38 1.815 2
17.32 1.766 2
19 1.784 2
16.54 1.722 2
17.2 1.802 2
17.16 1.706 2
15.37 1.795 2
19.07 1.825 2
16.97 1.694 2
18.03 1.781 2
19.06 1.687 2
18.98 1.801 2
19.46 1.685 2
17.78 1.838 2
17.07 1.695 2
17.82 1.843 2
14.29 1.814 2
14.82 1.777 2
15.09 1.811 2
15.81 1.813 2
18.88 1.84 2
16.01 1.716 2
17.17 1.776 2
20.86 1.687 2
17.22 1.781 2
19.62 1.701 2
15.95 1.772 2
17.55 1.773 2
15.91 1.754 2
17.25 1.764 2
19.85 1.808 2
14.2 1.814 2
18.96 1.759 2
18.52 1.778 2
16.69 1.838 2
14.82 1.692 2
18.16 1.691 2
16.84 1.686 2
18.51 1.788 2
18.05 1.745 2
21.52 1.809 2
17.47 1.791 2
17.03 2.73 3
23.01 2.832 3
23.24 2.807 3
30.9 2.719 3
27.11 2.736 3
24.05 2.727 3
31.72 2.698 3
16.34 2.697 3
18.75 2.839 3
17.45 2.749 3
19.96 2.739 3
15.59 2.801 3
25.79 2.77 3
20.81 2.839 3
15.23 2.81 3
17.07 2.756 3
23.79 2.738 3
27.13 2.848 3
36.24 2.799 3
45.58 2.841 3
24.4 2.691 3
17.18 2.823 3
12.91 2.785 3
23.52 2.692 3
17.95 2.776 3
19.83 2.793 3
18.88 2.672 3
21.24 2.752 3
28.72 2.819 3
22.88 2.723 3
21.14 2.753 3
16.98 2.75 3
14.47 2.724 3
19.48 2.835 3
21.71 2.811 3
34.23 2.69 3
22.73 2.849 3
28.13 2.828 3
19.42 2.721 3
16.36 2.821 3
17.28 2.689 3
18.35 2.85 3
37.46 2.79 3
17.92 2.787 3
27.13 2.686 3
17.55 2.831 3
27.77 2.675 3
24.22 2.713 3
21.16 2.696 3
21.78 2.81 3
18.68 2.706 3
24.6 2.834 3
19.63 2.788 3
16.19 2.677 3
15.98 2.671 3
22.97 2.679 3
32.65 2.779 3
22.9 2.814 3
21.36 2.713 3
23.63 2.823 3
12.33 3.68 4
10.81 3.814 4
9.925 3.837 4
12.05 3.809 4
11.1 3.796 4
12.65 3.821 4
10.76 3.677 4
8.786 3.706 4
8.585 3.692 4
12.81 3.761 4
12.91 3.804 4
10.25 3.783 4
9.964 3.823 4
12.55 3.698 4
8.95 3.802 4
9.247 3.705 4
11.4 3.719 4
9.948 3.798 4
10.49 3.846 4
10.27 3.78 4
10.97 3.68 4
12.47 3.781 4
10.63 3.678 4
11.4 3.829 4
7.63 3.798 4
10.43 3.701 4
9.319 3.687 4
8.794 3.703 4
9.271 3.846 4
10.03 3.753 4
11.78 3.811 4
8.643 3.785 4
10.54 3.773 4
9.822 3.696 4
18.91 3.84 4
21.3 3.724 4
20.47 3.774 4
21.91 3.796 4
19.22 3.787 4
18.25 3.839 4
19.1 3.697 4
19.94 3.762 4
19.82 3.743 4
17.55 3.755 4
19.66 3.691 4
19.91 3.694 4
24.03 3.72 4
22.88 3.725 4
17.96 3.747 4
18.98 3.78 4
16.87 3.784 4
18.44 3.744 4
20.07 3.744 4
21.67 3.709 4
18.19 3.776 4
18.32 3.727 4
15.63 3.676 4
19.21 3.745 4
17.59 3.755 4
18.55 3.711 4
