x solgel hydro coprec micro
2 1.529e-17 6.682e-60 1.528e-05 0.00228
2.191 1.22e-16 4.229e-58 2.022e-05 0.003023
2.382 9.155e-16 2.508e-56 2.663e-05 0.003979
2.573 6.452e-15 1.393e-54 3.493e-05 0.005201
2.764 4.271e-14 7.252e-53 4.561e-05 0.00675
2.955 2.657e-13 3.537e-51 5.929e-05 0.008699
3.146 1.552e-12 1.616e-49 7.674e-05 0.01113
3.337 8.522e-12 6.918e-48 9.889e-05 0.01415
3.528 4.395e-11 2.775e-46 0.0001269 0.01786
3.719 2.13e-10 1.043e-44 0.0001621 0.02238
3.91 9.694e-10 3.672e-43 0.0002063 0.02786
4.101 4.146e-09 1.211e-41 0.0002614 0.03444
4.291 1.666e-08 3.745e-40 0.0003297 0.04229
4.482 6.291e-08 1.085e-38 0.0004143 0.05157
4.673 2.232e-07 2.943e-37 0.0005184 0.06246
4.864 7.443e-07 7.483e-36 0.000646 0.07515
5.055 2.332e-06 1.783e-34 0.0008017 0.08981
5.246 6.869e-06 3.979e-33 0.000991 0.1066
5.437 1.902e-05 8.322e-32 0.00122 0.1257
5.628 4.952e-05 1.631e-30 0.001496 0.1473
5.819 0.0001213 2.994e-29 0.001828 0.1714
6.01 0.0002794 5.151e-28 0.002225 0.1982
6.201 0.000606 8.302e-27 0.002697 0.2276
6.392 0.001238 1.254e-25 0.003258 0.2598
6.583 0.002386 1.774e-24 0.00392 0.2946
6.774 0.004341 2.353e-23 0.0047 0.3319
6.965 0.007468 2.923e-22 0.005615 0.3716
7.156 0.01218 3.403e-21 0.006684 0.4133
7.347 0.01887 3.712e-20 0.007928 0.4569
7.538 0.02791 3.794e-19 0.009372 0.502
7.729 0.03959 3.633e-18 0.01104 0.5481
7.92 0.05419 3.26e-17 0.01296 0.5947
8.111 0.07208 2.741e-16 0.01517 0.6413
8.302 0.09389 2.16e-15 0.01769 0.6874
8.492 0.1207 1.595e-14 0.02057 0.7324
8.683 0.1538 1.103e-13 0.02383 0.7756
8.874 0.195 7.152e-13 0.02753 0.8165
9.065 0.2457 4.345e-12 0.03171 0.8545
9.256 0.3068 2.473e-11 0.0364 0.8891
9.447 0.3777 1.319e-10 0.04166 0.9197
9.638 0.4564 6.597e-10 0.04754 0.9458
9.829 0.5393 3.091e-09 0.05408 0.9672
10.02 0.6215 1.357e-08 0.06135 0.9835
10.21 0.6982 5.586e-08 0.06938 0.9944
10.4 0.7653 2.155e-07 0.07824 1
10.59 0.8202 7.795e-07 0.08797 1
10.78 0.8623 2.643e-06 0.09863 0.9946
10.97 0.893 8.403e-06 0.1103 0.984
11.17 0.9149 2.506e-05 0.1229 0.9684
11.36 0.931 7.007e-05 0.1366 0.9481
11.55 0.9442 0.0001839 0.1514 0.9235
11.74 0.9565 0.0004529 0.1673 0.8952
11.93 0.9689 0.001047 0.1844 0.8636
12.12 0.9811 0.002275 0.2026 0.8293
12.31 0.9917 0.004645 0.222 0.7929
12.5 0.9987 0.008924 0.2425 0.7551
12.69 1 0.01614 0.2642 0.7165
12.88 0.9934 0.02753 0.2869 0.6777
13.08 0.9773 0.04434 0.3108 0.6394
13.27 0.9505 0.06757 0.3356 0.6023
13.46 0.9123 0.09765 0.3615 0.5668
13.65 0.8628 0.1342 0.3881 0.5335
13.84 0.8027 0.176 0.4156 0.5029
14.03 0.7335 0.2212 0.4437 0.4755
14.22 0.6575 0.2674 0.4723 0.4516
14.41 0.5775 0.3127 0.5014 0.4315
14.6 0.4969 0.3552 0.5308 0.4155
14.79 0.4189 0.3941 0.5602 0.4037
14.98 0.3462 0.4293 0.5897 0.3962
15.18 0.2809 0.4612 0.619 0.3931
15.37 0.2241 0.4915 0.648 0.3941
15.56 0.1761 0.5223 0.6765 0.3993
15.75 0.1368 0.5568 0.7044 0.4083
15.94 0.1055 0.5979 0.7315 0.4208
16.13 0.08146 0.6481 0.7577 0.4366
16.32 0.06409 0.7078 0.7829 0.4551
16.51 0.05262 0.7747 0.8069 0.476
16.7 0.04619 0.8432 0.8297 0.4986
16.89 0.04373 0.9062 0.8511 0.5224
17.09 0.04388 0.9561 0.8712 0.547
17.28 0.04515 0.9879 0.8898 0.5716
17.47 0.04612 1 0.9068 0.5957
17.66 0.04567 0.995 0.9224 0.6187
17.85 0.04322 0.9784 0.9364 0.6402
18.04 0.03878 0.9568 0.9489 0.6596
18.23 0.03285 0.9355 0.96 0.6764
18.42 0.0262 0.9172 0.9695 0.6904
18.61 0.01966 0.9008 0.9777 0.7012
18.8 0.01387 0.8826 0.9845 0.7085
18.99 0.009194 0.8573 0.9899 0.7122
19.19 0.005727 0.8196 0.9942 0.7122
19.38 0.003352 0.7662 0.9972 0.7086
19.57 0.001843 0.6967 0.9991 0.7014
19.76 0.000952 0.6142 1 0.6907
19.95 0.000462 0.5242 0.9999 0.6768
20.14 0.0002106 0.4339 0.9987 0.66
20.33 9.021e-05 0.3498 0.9967 0.6405
20.52 3.63e-05 0.277 0.9938 0.6187
20.71 1.372e-05 0.2179 0.9901 0.5949
20.9 4.872e-06 0.1722 0.9855 0.5695
21.1 1.625e-06 0.1381 0.9801 0.543
21.29 5.094e-07 0.1125 0.9739 0.5155
21.48 1.5e-07 0.09238 0.9668 0.4876
21.67 4.149e-08 0.07559 0.959 0.4594
21.86 1.078e-08 0.06073 0.9504 0.4313
22.05 2.632e-09 0.04732 0.9409 0.4035
22.24 6.035e-10 0.03541 0.9306 0.3763
22.43 1.3e-10 0.02528 0.9195 0.3498
22.62 2.632e-11 0.01713 0.9076 0.3242
22.81 5.004e-12 0.01098 0.8948 0.2996
23.01 8.938e-13 0.006643 0.8813 0.276
23.2 1.5e-13 0.003787 0.8669 0.2536
23.39 2.365e-14 0.002032 0.8519 0.2324
23.58 3.502e-15 0.001025 0.836 0.2123
23.77 4.873e-16 0.0004857 0.8195 0.1934
23.96 6.369e-17 0.0002161 0.8024 0.1757
24.15 7.821e-18 9.022e-05 0.7847 0.1591
24.34 9.022e-19 3.534e-05 0.7665 0.1436
24.53 9.777e-20 1.298e-05 0.7479 0.1293
24.72 9.954e-21 4.473e-06 0.7289 0.1159
24.91 9.52e-22 1.444e-06 0.7096 0.1036
25.11 8.554e-23 4.372e-07 0.6901 0.09221
25.3 7.221e-24 1.24e-07 0.6704 0.08177
25.49 5.726e-25 3.297e-08 0.6507 0.0722
25.68 4.266e-26 8.215e-09 0.6311 0.06347
25.87 2.986e-27 1.917e-09 0.6115 0.05555
26.06 1.963e-28 4.193e-10 0.592 0.04838
26.25 1.212e-29 8.592e-11 0.5728 0.04192
26.44 7.036e-31 1.649e-11 0.5539 0.03614
26.63 3.835e-32 2.966e-12 0.5352 0.03099
26.82 1.964e-33 4.998e-13 0.517 0.02642
27.02 9.45e-35 7.889e-14 0.4992 0.0224
27.21 4.271e-36 1.166e-14 0.4818 0.01888
27.4 1.814e-37 1.616e-15 0.4648 0.01581
27.59 7.234e-39 2.097e-16 0.4484 0.01316
27.78 2.711e-40 2.549e-17 0.4325 0.01088
27.97 9.544e-42 2.903e-18 0.4171 0.008943
28.16 3.156e-43 3.096e-19 0.4022 0.007299
28.35 9.807e-45 3.094e-20 0.3879 0.005917
28.54 2.863e-46 2.897e-21 0.3742 0.004764
28.73 7.85e-48 2.54e-22 0.3609 0.003809
28.92 2.022e-49 2.087e-23 0.3483 0.003023
29.12 4.894e-51 1.606e-24 0.3361 0.002383
29.31 1.113e-52 1.158e-25 0.3245 0.001864
29.5 2.376e-54 7.817e-27 0.3135 0.001448
29.69 4.768e-56 4.945e-28 0.3029 0.001116
29.88 8.988e-58 2.93e-29 0.2929 0.0008542
30.07 1.592e-59 1.627e-30 0.2834 0.0006487
30.26 2.648e-61 8.458e-32 0.2743 0.0004889
30.45 4.138e-63 4.12e-33 0.2658 0.0003656
30.64 6.076e-65 1.88e-34 0.2577 0.0002713
30.83 8.381e-67 8.036e-36 0.25 0.0001998
31.03 1.086e-68 3.218e-37 0.2427 0.000146
31.22 1.322e-70 1.207e-38 0.2359 0.0001058
31.41 1.512e-72 4.241e-40 0.2294 7.611e-05
31.6 1.624e-74 1.396e-41 0.2233 5.431e-05
31.79 1.64e-76 4.305e-43 0.2175 3.845e-05
31.98 1.555e-78 1.243e-44 0.212 2.7e-05
32.17 1.385e-80 3.364e-46 0.2068 1.881e-05
32.36 1.159e-82 8.528e-48 0.2018 1.3e-05
32.55 9.11e-85 2.025e-49 0.1971 8.911e-06
32.74 6.728e-87 4.503e-51 0.1926 6.059e-06
32.93 4.668e-89 9.383e-53 0.1883 4.087e-06
33.13 3.043e-91 1.831e-54 0.1842 2.734e-06
33.32 1.863e-93 3.349e-56 0.1802 1.814e-06
33.51 1.072e-95 5.735e-58 0.1763 1.194e-06
33.7 5.793e-98 9.202e-60 0.1726 7.797e-07
33.89 2.941e-100 1.383e-61 0.1689 5.049e-07
34.08 1.403e-102 1.947e-63 0.1653 3.242e-07
34.27 6.286e-105 2.568e-65 0.1617 2.065e-07
34.46 2.646e-107 3.173e-67 0.1582 1.305e-07
34.65 1.046e-109 3.672e-69 0.1547 8.174e-08
34.84 3.887e-112 3.981e-71 0.1512 5.079e-08
35.04 1.357e-114 4.043e-73 0.1476 3.13e-08
35.23 4.448e-117 3.846e-75 0.1441 1.913e-08
35.42 1.37e-119 3.428e-77 0.1405 1.16e-08
35.61 3.965e-122 2.862e-79 0.1369 6.971e-09
35.8 1.078e-124 2.238e-81 0.1332 4.156e-09
35.99 2.753e-127 1.64e-83 0.1295 2.457e-09
36.18 6.604e-130 1.125e-85 0.1256 1.441e-09
36.37 1.488e-132 7.233e-88 0.1217 8.378e-10
36.56 3.152e-135 4.356e-90 0.1178 4.831e-10
36.75 6.269e-138 2.457e-92 0.1138 2.763e-10
36.94 1.172e-140 1.299e-94 0.1097 1.567e-10
37.14 2.057e-143 6.428e-97 0.1055 8.812e-11
37.33 3.392e-146 2.981e-99 0.1013 4.915e-11
37.52 5.256e-149 1.295e-101 0.09708 2.718e-11
37.71 7.65e-152 5.269e-104 0.0928 1.491e-11
37.9 1.046e-154 2.009e-106 0.08852 8.11e-12
38.09 1.344e-157 7.173e-109 0.08424 4.375e-12
38.28 1.622e-160 2.399e-111 0.07999 2.34e-12
38.47 1.839e-163 7.518e-114 0.07578 1.241e-12
38.66 1.959e-166 2.207e-116 0.07163 6.529e-13
38.85 1.96e-169 6.068e-119 0.06757 3.406e-13
39.05 1.842e-172 1.563e-121 0.06362 1.762e-13
39.24 1.627e-175 3.772e-124 0.0598 9.037e-14
39.43 1.35e-178 8.525e-127 0.05613 4.597e-14
39.62 1.052e-181 1.805e-129 0.05263 2.319e-14
39.81 7.702e-185 3.58e-132 0.04932 1.16e-14
40 5.298e-188 6.653e-135 0.04622 5.754e-15
