t a b c
0 99.2 73.16 9.6
0.5 99.15 72.5 9.558
1 99.36 72.44 8.76
1.5 98.99 72.13 9.435
2 99.73 70.91 9.66
2.5 99.6 70.44 8.237
3 99.51 69.28 8.641
3.5 99.22 70.46 9.094
4 99.52 68.98 8.526
4.5 99.62 67.9 7.678
5 99.42 67.46 8.764
5.5 99.15 67.62 7.591
6 98.65 68.8 8.581
6.5 99.57 67.79 7.675
7 99.11 65.44 7.508
7.5 98.93 66.33 7.687
8 99.53 66.29 7.558
8.5 99.33 66.23 7.703
9 98.71 65.67 7.563
9.5 99.17 64.55 7.206
10 99.11 65.07 7.702
10.5 99.54 63.98 7.37
11 98.53 62.32 7.109
11.5 99.05 63.25 6.972
12 99.13 62.98 6.801
12.5 99.67 64 6.733
13 98.79 63.81 6.958
13.5 98.14 61.86 6.813
14 98.68 62.57 6.573
14.5 99.25 62.24 6.9
15 99.43 60.77 6.328
15.5 99.75 60.03 6.548
16 99.28 61.36 6.662
16.5 98.85 61.31 5.818
17 99.44 60.5 6.107
17.5 99.12 58.59 6.831
18 99.05 60.51 5.733
18.5 99.12 59.86 6.531
19 99.56 59.41 5.603
19.5 98.79 59.66 6.147
20 98.74 58.82 5.519
20.5 99.07 59.98 5.659
21 99.07 59.36 5.719
21.5 98.8 58.72 5.614
22 98.77 59.22 6.203
22.5 99.21 58.79 6.1
23 99.54 57.43 6.084
23.5 99.31 58.37 5.783
24 99.3 57.96 6.331
24.5 99.49 56.78 6.061
25 98.35 57.49 5.752
25.5 98.52 58.21 5.178
26 98.79 57.23 5.847
26.5 98.62 58.71 5.81
27 98.68 58.8 5.565
27.5 99.05 57.06 5.791
28 98.57 57.62 5.793
28.5 98.86 58.64 5.346
29 98.29 56.66 5.672
29.5 98.66 56.09 5.567
30 99.47 71.66 9.625
30.5 98.8 70.41 9.18
31 99.1 69.95 8.955
31.5 99.23 70.72 9.019
32 98.81 69.76 9.382
32.5 99.18 69.85 9.584
33 99.05 69.6 8.357
33.5 99.21 68.18 7.94
34 98.74 68.22 8.088
34.5 98.45 67.75 7.759
35 98.59 67.04 7.8
35.5 98.75 66.52 8.004
36 99.13 67.07 7.364
36.5 98.86 66.34 7.862
37 98.79 66.36 7.828
37.5 98.86 66.55 8.015
38 99.3 66.22 8.038
38.5 98.71 64.19 7.615
39 99.44 64.07 8.033
39.5 98.48 64.23 6.839
40 98.69 64.23 7.066
40.5 99.19 64.58 6.945
41 99.07 62.77 6.975
41.5 98.59 62.9 7.136
42 98.84 63.17 6.526
42.5 98.63 63.69 7.273
43 99.17 63.54 7.033
43.5 99.05 61.38 6.602
44 98.61 61.76 6.59
44.5 98.99 61.04 5.959
45 98.72 62.13 5.299
45.5 98.82 61.57 6.204
46 98.86 60.7 6.316
46.5 98.64 60.28 6.232
47 98.98 60.78 5.655
47.5 98.99 61.12 5.87
48 98.97 59.52 6.708
48.5 99.2 59.67 6.258
49 98.71 59.83 6.174
49.5 98.29 59.56 5.767
50 98.63 59.63 6.149
