t T P
0 22 1.008
0.2 31.84 1.057
0.4 40.11 1.07
0.6 46.94 1.075
0.8 52.5 1.072
1 56.96 1.154
1.2 60.49 1.137
1.4 63.24 1.159
1.6 65.35 1.14
1.8 66.94 1.18
2 68.12 1.164
2.2 68.97 1.16
2.4 69.57 1.148
2.6 69.97 1.168
2.8 70.23 1.156
3 70.39 1.161
3.2 70.17 1.288
3.4 70.68 1.448
3.6 70.86 1.593
3.8 71.07 1.7
4 70.35 1.837
4.2 70.53 1.961
4.4 69.94 2.051
4.6 70.04 2.15
4.8 69.78 2.246
5 69.72 2.362
5.2 69.53 2.411
5.4 69.41 2.512
5.6 69.8 2.592
5.8 70.17 2.678
6 69.84 2.744
6.2 70.34 2.799
6.4 70.3 2.91
6.6 70.72 2.947
6.8 70.14 2.977
7 70.2 3.039
7.2 70.26 3.106
7.4 70.12 3.162
7.6 69.53 3.174
7.8 69.95 3.253
8 69.78 3.262
8.2 69.74 3.31
8.4 69.79 3.373
8.6 69.93 3.423
8.8 69.49 3.426
9 70.39 3.464
9.2 69.84 3.513
9.4 69.53 3.504
9.6 70.09 3.557
9.8 70.47 3.587
10 69.95 3.618
10.2 70.44 3.636
10.4 70.4 3.649
10.6 69.77 3.677
10.8 69.34 3.666
11 69.63 3.718
11.2 70.24 3.72
11.4 69.74 3.728
11.6 69.59 3.751
11.8 69.65 3.773
12 70 3.802
12.2 70.01 3.802
12.4 70.25 3.832
12.6 70.28 3.849
12.8 69.8 3.839
13 69.99 3.839
13.2 69.73 3.875
13.4 70.02 3.879
13.6 69.71 3.849
13.8 69.69 3.875
14 70.51 3.91
14.2 69.99 3.89
14.4 70.15 3.91
14.6 70.62 3.907
14.8 70.19 3.941
15 69.97 3.943
15.2 70.02 3.949
15.4 69.82 3.971
15.6 70.28 3.955
15.8 69.93 3.958
16 70.45 4.003
16.2 69.92 3.952
16.4 69.91 3.987
16.6 69.89 3.961
16.8 70.15 3.991
17 70.04 4.022
17.2 70.34 4.002
17.4 69.86 3.984
17.6 70.07 4.037
17.8 70.48 4.001
18 69.94 4.003
18.2 64.59 3.951
18.4 59.82 3.873
18.6 55.62 3.863
18.8 51.9 3.83
19 48.62 3.781
19.2 45.73 3.742
19.4 43.18 3.707
19.6 40.92 3.698
19.8 38.93 3.616
20 37.18 3.642
20.2 35.63 3.631
20.4 34.26 3.583
20.6 33.06 3.606
20.8 31.99 3.587
21 31.05 3.578
21.2 30.23 3.572
21.4 29.49 3.572
21.6 28.85 3.563
21.8 28.28 3.535
22 27.78 3.544
22.2 27.33 3.539
22.4 26.94 3.538
22.6 26.6 3.525
22.8 26.29 3.546
23 26.02 3.548
23.2 25.78 3.55
23.4 25.57 3.553
23.6 25.39 3.546
23.8 25.23 3.515
24 25.08 3.512
