tt base fit
26 786.94 788.71
26.01 780.57 782.37
26.02 774.46 776.29
26.03 768.59 770.44
26.04 762.93 764.81
26.05 757.48 759.38
26.06 752.22 754.15
26.07 747.14 749.09
26.08 742.23 744.21
26.09 737.48 739.49
26.1 732.88 734.91
26.11 728.42 730.48
26.12 724.09 726.19
26.13 719.9 722.03
26.14 715.83 717.99
26.15 711.87 714.06
26.16 708.03 710.25
26.17 704.29 706.55
26.18 700.65 702.94
26.19 697.11 699.44
26.2 693.66 696.03
26.21 690.31 692.71
26.22 687.04 689.47
26.23 683.85 686.32
26.24 680.74 683.25
26.25 677.7 680.26
26.26 674.74 677.34
26.27 671.85 674.49
26.28 669.03 671.71
26.29 666.27 669
26.3 663.58 666.35
26.31 660.94 663.76
26.32 658.37 661.24
26.33 655.85 658.77
26.34 653.39 656.35
26.35 650.97 653.99
26.36 648.61 651.69
26.37 646.3 649.43
26.38 644.04 647.22
26.39 641.82 645.06
26.4 639.65 642.95
26.41 637.52 640.88
26.42 635.43 638.85
26.43 633.38 636.86
26.44 631.37 634.92
26.45 629.39 633.02
26.46 627.46 631.15
26.47 625.56 629.32
26.48 623.69 627.53
26.49 621.86 625.77
26.5 620.06 624.05
26.51 618.29 622.36
26.52 616.55 620.7
26.53 614.84 619.08
26.54 613.16 617.49
26.55 611.5 615.92
26.56 609.87 614.39
26.57 608.27 612.89
26.58 606.7 611.41
26.59 605.15 609.96
26.6 603.62 608.54
26.61 602.11 607.15
26.62 600.63 605.78
26.63 599.17 604.44
26.64 597.73 603.13
26.65 596.32 601.84
26.66 594.92 600.57
26.67 593.54 599.33
26.68 592.18 598.11
26.69 590.84 596.92
26.7 589.52 595.75
26.71 588.22 594.6
26.72 586.93 593.48
26.73 585.66 592.38
26.74 584.41 591.31
26.75 583.17 590.26
26.76 581.95 589.23
26.77 580.74 588.23
26.78 579.55 587.25
26.79 578.37 586.29
26.8 577.21 585.36
26.81 576.05 584.46
26.82 574.92 583.58
26.83 573.79 582.74
26.84 572.68 581.92
26.85 571.58 581.13
26.86 570.5 580.37
26.87 569.42 579.65
26.88 568.36 578.96
26.89 567.31 578.32
26.9 566.26 577.71
26.91 565.23 577.14
26.92 564.21 576.63
26.93 563.2 576.16
26.94 562.2 575.75
26.95 561.22 575.4
26.96 560.24 575.11
26.97 559.26 574.89
26.98 558.3 574.75
26.99 557.35 574.69
27 556.41 574.72
27.01 555.47 574.85
27.02 554.55 575.08
27.03 553.63 575.42
27.04 552.72 575.89
27.05 551.81 576.48
27.06 550.92 577.22
27.07 550.03 578.1
27.08 549.15 579.14
27.09 548.28 580.34
27.1 547.42 581.72
27.11 546.56 583.29
27.12 545.71 585.04
27.13 544.86 587
27.14 544.02 589.17
27.15 543.19 591.55
27.16 542.37 594.15
27.17 541.55 596.98
27.18 540.73 600.03
27.19 539.93 603.31
27.2 539.13 606.81
27.21 538.33 610.54
27.22 537.54 614.49
27.23 536.76 618.64
27.24 535.98 623
27.25 535.2 627.55
27.26 534.43 632.26
27.27 533.67 637.13
27.28 532.91 642.13
27.29 532.16 647.22
27.3 531.41 652.39
27.31 530.67 657.58
27.32 529.93 662.77
27.33 529.19 667.9
27.34 528.46 672.92
27.35 527.74 677.77
27.36 527.02 682.39
27.37 526.3 686.71
27.38 525.59 690.67
27.39 524.88 694.2
27.4 524.18 697.22
27.41 523.48 699.67
27.42 522.78 701.49
27.43 522.09 702.64
27.44 521.4 703.07
27.45 520.71 702.76
27.46 520.03 701.7
27.47 519.35 699.91
27.48 518.68 697.4
27.49 518.01 694.21
27.5 517.34 690.39
27.51 516.68 686
27.52 516.02 681.11
27.53 515.36 675.78
27.54 514.71 670.08
27.55 514.06 664.09
27.56 513.41 657.86
27.57 512.76 651.47
27.58 512.12 644.97
27.59 511.48 638.4
27.6 510.85 631.83
27.61 510.22 625.28
27.62 509.59 618.8
27.63 508.96 612.42
27.64 508.34 606.17
27.65 507.72 600.06
27.66 507.1 594.13
27.67 506.48 588.37
27.68 505.87 582.82
27.69 505.26 577.47
27.7 504.65 572.34
27.71 504.04 567.43
27.72 503.44 562.74
27.73 502.84 558.28
27.74 502.24 554.03
27.75 501.65 550.01
27.76 501.05 546.21
27.77 500.46 542.61
27.78 499.87 539.22
27.79 499.29 536.02
27.8 498.7 533.01
27.81 498.12 530.19
27.82 497.54 527.53
27.83 496.96 525.03
27.84 496.39 522.69
27.85 495.81 520.49
27.86 495.24 518.42
27.87 494.67 516.48
27.88 494.1 514.65
27.89 493.54 512.92
27.9 492.97 511.3
27.91 492.41 509.76
27.92 491.85 508.31
27.93 491.29 506.93
27.94 490.74 505.62
27.95 490.18 504.37
27.96 489.63 503.18
27.97 489.08 502.05
27.98 488.53 500.95
27.99 487.99 499.9
28 487.44 498.89
28.01 486.9 497.92
28.02 486.35 496.97
28.03 485.81 496.05
28.04 485.28 495.16
28.05 484.74 494.3
28.06 484.2 493.45
28.07 483.67 492.62
28.08 483.14 491.82
28.09 482.61 491.02
28.1 482.08 490.25
28.11 481.55 489.48
28.12 481.02 488.73
28.13 480.5 488
28.14 479.98 487.27
28.15 479.45 486.55
28.16 478.93 485.85
28.17 478.42 485.15
28.18 477.9 484.46
28.19 477.38 483.78
28.2 476.87 483.11
28.21 476.35 482.44
28.22 475.84 481.78
28.23 475.33 481.13
28.24 474.82 480.49
28.25 474.32 479.85
28.26 473.81 479.21
28.27 473.3 478.59
28.28 472.8 477.96
28.29 472.3 477.35
28.3 471.8 476.74
28.31 471.3 476.13
28.32 470.8 475.53
28.33 470.3 474.93
28.34 469.8 474.33
28.35 469.31 473.74
28.36 468.81 473.16
28.37 468.32 472.58
28.38 467.83 472
28.39 467.34 471.43
28.4 466.85 470.86
28.41 466.36 470.29
28.42 465.87 469.73
28.43 465.39 469.17
28.44 464.9 468.61
28.45 464.42 468.06
28.46 463.93 467.5
28.47 463.45 466.96
28.48 462.97 466.41
28.49 462.49 465.87
28.5 462.01 465.33
28.51 461.53 464.79
28.52 461.06 464.26
28.53 460.58 463.73
28.54 460.11 463.2
28.55 459.63 462.67
28.56 459.16 462.15
28.57 458.69 461.63
28.58 458.22 461.11
28.59 457.75 460.59
28.6 457.28 460.07
28.61 456.81 459.56
28.62 456.35 459.05
28.63 455.88 458.54
28.64 455.41 458.03
28.65 454.95 457.53
28.66 454.49 457.02
28.67 454.02 456.52
28.68 453.56 456.02
28.69 453.1 455.53
28.7 452.64 455.03
28.71 452.18 454.53
28.72 451.73 454.04
28.73 451.27 453.55
28.74 450.81 453.06
28.75 450.36 452.57
28.76 449.9 452.09
28.77 449.45 451.6
28.78 449 451.12
28.79 448.55 450.64
28.8 448.09 450.16
