tt I
20 954
20.02 970
20.04 997
20.06 1026
20.08 932
20.1 968
20.12 971
20.14 949
20.16 986
20.18 1023
20.2 980
20.22 957
20.24 992
20.26 988
20.28 920
20.3 918
20.32 948
20.34 920
20.36 1003
20.38 959
20.4 952
20.42 995
20.44 1009
20.46 972
20.48 1010
20.5 986
20.52 933
20.54 946
20.56 915
20.58 964
20.6 922
20.62 905
20.64 945
20.66 898
20.68 871
20.7 905
20.72 869
20.74 936
20.76 926
20.78 879
20.8 873
20.82 930
20.84 907
20.86 946
20.88 933
20.9 870
20.92 927
20.94 839
20.96 926
20.98 899
21 914
21.02 918
21.04 846
21.06 829
21.08 851
21.1 906
21.12 886
21.14 886
21.16 830
21.18 857
21.2 873
21.22 859
21.24 832
21.26 917
21.28 899
21.3 865
21.32 855
21.34 875
21.36 823
21.38 873
21.4 858
21.42 855
21.44 879
21.46 843
21.48 864
21.5 819
21.52 865
21.54 854
21.56 792
21.58 860
21.6 811
21.62 819
21.64 833
21.66 844
21.68 882
21.7 886
21.72 886
21.74 883
21.76 851
21.78 852
21.8 823
21.82 816
21.84 872
21.86 841
21.88 791
21.9 854
21.92 826
21.94 801
21.96 845
21.98 816
22 801
22.02 789
22.04 775
22.06 781
22.08 901
22.1 819
22.12 760
22.14 833
22.16 809
22.18 839
22.2 806
22.22 861
22.24 826
22.26 835
22.28 833
22.3 824
22.32 819
22.34 799
22.36 801
22.38 788
22.4 813
22.42 834
22.44 838
22.46 770
22.48 796
22.5 833
22.52 782
22.54 779
22.56 783
22.58 772
22.6 836
22.62 775
22.64 773
22.66 763
22.68 766
22.7 735
22.72 808
22.74 759
22.76 737
22.78 774
22.8 769
22.82 746
22.84 804
22.86 711
22.88 787
22.9 816
22.92 784
22.94 756
22.96 723
22.98 762
23 784
23.02 771
23.04 751
23.06 740
23.08 808
23.1 764
23.12 815
23.14 782
23.16 744
23.18 737
23.2 786
23.22 759
23.24 714
23.26 762
23.28 802
23.3 765
23.32 789
23.34 674
23.36 714
23.38 716
23.4 733
23.42 729
23.44 728
23.46 757
23.48 760
23.5 770
23.52 723
23.54 709
23.56 765
23.58 726
23.6 795
23.62 703
23.64 735
23.66 802
23.68 684
23.7 740
23.72 741
23.74 727
23.76 786
23.78 727
23.8 751
23.82 763
23.84 772
23.86 767
23.88 732
23.9 737
23.92 698
23.94 788
23.96 742
23.98 712
24 765
24.02 726
24.04 754
24.06 750
24.08 766
24.1 755
24.12 760
24.14 791
24.16 768
24.18 733
24.2 777
24.22 737
24.24 736
24.26 745
24.28 747
24.3 710
24.32 787
24.34 801
24.36 767
24.38 778
24.4 859
24.42 884
24.44 783
24.46 807
24.48 821
24.5 839
24.52 874
24.54 848
24.56 830
24.58 863
24.6 816
24.62 904
24.64 918
24.66 924
24.68 875
24.7 1055
24.72 961
24.74 1109
24.76 1127
24.78 1133
24.8 1218
24.82 1267
24.84 1323
24.86 1424
24.88 1525
24.9 1567
24.92 1704
24.94 1913
24.96 2181
24.98 2233
25 2445
25.02 2734
25.04 2985
25.06 3084
25.08 3370
25.1 3730
25.12 4099
25.14 4416
25.16 4736
25.18 4906
25.2 5192
25.22 5406
25.24 5707
25.26 5776
25.28 5874
25.3 5762
25.32 5722
25.34 5546
25.36 5416
25.38 5001
25.4 4766
25.42 4372
25.44 4079
25.46 3749
25.48 3480
25.5 3120
25.52 3009
25.54 2666
25.56 2457
25.58 2147
25.6 2059
25.62 1770
25.64 1702
25.66 1571
25.68 1446
25.7 1387
25.72 1276
25.74 1153
25.76 1134
25.78 1089
25.8 1042
25.82 1029
25.84 957
25.86 850
25.88 903
25.9 865
25.92 840
25.94 846
25.96 790
25.98 800
26 780
26.02 759
26.04 753
26.06 768
26.08 736
26.1 743
26.12 712
26.14 756
26.16 734
26.18 682
26.2 703
26.22 669
26.24 707
26.26 698
26.28 654
26.3 630
26.32 662
26.34 677
26.36 660
26.38 596
26.4 643
26.42 686
26.44 612
26.46 630
26.48 583
26.5 606
26.52 665
26.54 628
26.56 658
26.58 589
26.6 612
26.62 637
26.64 618
26.66 598
26.68 614
26.7 560
26.72 582
26.74 592
26.76 588
26.78 568
26.8 552
26.82 536
26.84 585
26.86 575
26.88 579
26.9 605
26.92 569
26.94 549
26.96 607
26.98 620
27 573
27.02 591
27.04 562
27.06 627
27.08 586
27.1 610
27.12 603
27.14 623
27.16 615
27.18 594
27.2 602
27.22 621
27.24 676
27.26 617
27.28 606
27.3 649
27.32 618
27.34 657
27.36 646
27.38 691
27.4 705
27.42 708
27.44 643
27.46 727
27.48 684
27.5 684
27.52 635
27.54 636
27.56 666
27.58 627
27.6 642
27.62 640
27.64 632
27.66 607
27.68 563
27.7 566
27.72 532
27.74 543
27.76 532
27.78 540
27.8 551
27.82 548
27.84 546
27.86 541
27.88 479
27.9 467
27.92 534
27.94 524
27.96 513
27.98 486
28 494
28.02 476
28.04 478
28.06 510
28.08 504
28.1 453
28.12 507
28.14 474
28.16 468
28.18 494
28.2 484
28.22 490
28.24 513
28.26 476
28.28 431
28.3 473
28.32 497
28.34 471
28.36 442
28.38 462
28.4 416
28.42 456
28.44 485
28.46 461
28.48 448
28.5 489
28.52 476
28.54 431
28.56 481
28.58 453
28.6 478
28.62 447
28.64 474
28.66 473
28.68 492
28.7 484
28.72 443
28.74 446
28.76 434
28.78 447
28.8 431
28.82 467
28.84 486
28.86 413
28.88 492
28.9 438
28.92 461
28.94 444
28.96 445
28.98 408
29 428
29.02 415
29.04 446
29.06 440
29.08 445
29.1 398
29.12 442
29.14 435
29.16 432
29.18 443
29.2 433
29.22 443
29.24 467
29.26 419
29.28 415
29.3 418
29.32 437
29.34 440
29.36 428
29.38 437
29.4 426
29.42 430
29.44 416
29.46 425
29.48 424
29.5 385
29.52 433
29.54 406
29.56 443
29.58 439
29.6 463
29.62 371
29.64 420
29.66 389
29.68 428
29.7 428
29.72 426
29.74 413
29.76 410
29.78 417
29.8 417
29.82 397
29.84 395
29.86 382
29.88 409
29.9 393
29.92 422
29.94 403
29.96 394
29.98 403
30 374
30.02 413
30.04 422
30.06 397
30.08 383
30.1 362
30.12 385
30.14 391
30.16 369
30.18 367
30.2 394
30.22 368
30.24 387
30.26 393
30.28 413
30.3 385
30.32 404
30.34 401
30.36 407
30.38 376
30.4 381
30.42 402
30.44 377
30.46 362
30.48 383
30.5 370
30.52 364
30.54 376
30.56 391
30.58 353
30.6 380
30.62 392
30.64 390
30.66 394
30.68 387
30.7 382
30.72 362
30.74 351
30.76 385
30.78 335
30.8 365
30.82 350
30.84 298
30.86 357
30.88 362
30.9 328
30.92 375
30.94 343
30.96 371
30.98 357
31 378
31.02 340
31.04 360
31.06 363
31.08 364
31.1 319
31.12 393
31.14 385
31.16 371
31.18 379
31.2 361
31.22 367
31.24 363
31.26 309
31.28 316
31.3 356
31.32 343
31.34 336
31.36 363
31.38 337
31.4 336
31.42 330
31.44 334
31.46 365
31.48 348
31.5 344
31.52 349
31.54 350
31.56 350
31.58 324
31.6 350
31.62 328
31.64 330
31.66 346
31.68 353
31.7 325
31.72 358
31.74 318
31.76 317
31.78 367
31.8 298
31.82 334
31.84 328
31.86 348
31.88 355
31.9 328
31.92 327
31.94 341
31.96 348
31.98 298
32 353
32.02 312
32.04 302
32.06 355
32.08 330
32.1 325
32.12 352
32.14 318
32.16 319
32.18 327
32.2 319
32.22 340
32.24 322
32.26 334
32.28 329
32.3 298
32.32 327
32.34 305
32.36 335
32.38 321
32.4 318
32.42 322
32.44 337
32.46 311
32.48 329
32.5 282
32.52 328
32.54 325
32.56 312
32.58 316
32.6 291
32.62 324
32.64 284
32.66 322
32.68 333
32.7 322
32.72 301
32.74 310
32.76 306
32.78 311
32.8 329
32.82 279
32.84 326
32.86 304
32.88 299
32.9 308
32.92 298
32.94 285
32.96 301
32.98 286
33 317
33.02 283
33.04 294
33.06 301
33.08 293
33.1 274
33.12 288
33.14 328
33.16 324
33.18 314
33.2 316
33.22 299
33.24 295
33.26 303
33.28 332
33.3 302
33.32 311
33.34 317
33.36 323
33.38 321
33.4 281
33.42 252
33.44 289
33.46 289
33.48 306
33.5 294
33.52 281
33.54 278
33.56 268
33.58 309
33.6 286
33.62 282
33.64 296
33.66 285
33.68 284
33.7 321
33.72 307
33.74 292
33.76 295
33.78 268
33.8 295
33.82 270
33.84 267
33.86 274
33.88 272
33.9 250
33.92 292
33.94 224
33.96 294
33.98 284
34 270
34.02 270
34.04 263
34.06 286
34.08 265
34.1 286
34.12 301
34.14 286
34.16 277
34.18 249
34.2 240
34.22 269
34.24 273
34.26 300
34.28 259
34.3 270
34.32 285
34.34 251
34.36 271
34.38 252
34.4 260
34.42 285
34.44 251
34.46 262
34.48 261
34.5 253
34.52 268
34.54 251
34.56 280
34.58 249
34.6 278
34.62 273
34.64 252
34.66 274
34.68 279
34.7 279
34.72 263
34.74 254
34.76 245
34.78 249
34.8 284
34.82 300
34.84 244
34.86 246
34.88 275
34.9 273
34.92 284
34.94 260
34.96 245
34.98 279
35 254
35.02 238
35.04 270
35.06 255
35.08 262
35.1 292
35.12 259
35.14 230
35.16 229
35.18 240
35.2 268
35.22 271
35.24 249
35.26 303
35.28 276
35.3 236
35.32 257
35.34 237
35.36 259
35.38 259
35.4 230
35.42 245
35.44 272
35.46 275
35.48 243
35.5 278
35.52 286
35.54 281
35.56 270
35.58 278
35.6 256
35.62 269
35.64 275
35.66 243
35.68 267
35.7 278
35.72 289
35.74 279
35.76 280
35.78 318
35.8 293
35.82 297
35.84 247
35.86 293
35.88 292
35.9 309
35.92 336
35.94 341
35.96 311
35.98 375
36 349
36.02 312
36.04 350
36.06 339
36.08 371
36.1 345
36.12 345
36.14 352
36.16 354
36.18 353
36.2 333
36.22 324
36.24 343
36.26 335
36.28 324
36.3 290
36.32 323
36.34 314
36.36 282
36.38 312
36.4 322
36.42 315
36.44 340
36.46 365
36.48 341
36.5 307
36.52 339
36.54 332
36.56 354
36.58 362
36.6 408
36.62 453
36.64 419
36.66 448
36.68 459
36.7 479
36.72 535
36.74 571
36.76 598
36.78 596
36.8 628
36.82 661
36.84 684
36.86 724
36.88 730
36.9 755
36.92 735
36.94 786
36.96 798
36.98 728
37 742
37.02 773
37.04 727
37.06 749
37.08 664
37.1 610
37.12 659
37.14 631
37.16 559
37.18 546
37.2 557
37.22 473
37.24 504
37.26 524
37.28 513
37.3 471
37.32 515
37.34 486
37.36 496
37.38 492
37.4 512
37.42 554
37.44 529
37.46 594
37.48 637
37.5 652
37.52 683
37.54 756
37.56 802
37.58 824
37.6 807
37.62 948
37.64 944
37.66 1088
37.68 1073
37.7 1122
37.72 1141
37.74 1311
37.76 1207
37.78 1225
37.8 1338
37.82 1186
37.84 1258
37.86 1222
37.88 1175
37.9 1151
37.92 1070
37.94 1087
37.96 1004
37.98 959
38 881
38.02 863
38.04 772
38.06 775
38.08 708
38.1 640
38.12 609
38.14 605
38.16 581
38.18 549
38.2 532
38.22 561
38.24 566
38.26 532
38.28 499
38.3 511
38.32 574
38.34 565
38.36 580
38.38 619
38.4 602
38.42 611
38.44 694
38.46 683
38.48 715
38.5 831
38.52 780
38.54 767
38.56 696
38.58 732
38.6 756
38.62 716
38.64 728
38.66 731
38.68 648
38.7 713
38.72 575
38.74 600
38.76 572
38.78 533
38.8 485
38.82 516
38.84 491
38.86 446
38.88 444
38.9 384
38.92 378
38.94 323
38.96 329
38.98 334
39 334
39.02 313
39.04 308
39.06 294
39.08 271
39.1 275
39.12 283
39.14 254
39.16 243
39.18 244
39.2 247
39.22 272
39.24 253
39.26 218
39.28 223
39.3 183
39.32 191
39.34 207
39.36 211
39.38 219
39.4 232
39.42 229
39.44 211
39.46 211
39.48 191
39.5 200
39.52 225
39.54 208
39.56 220
39.58 167
39.6 220
39.62 207
39.64 201
39.66 217
39.68 193
39.7 184
39.72 174
39.74 202
39.76 184
39.78 186
39.8 175
39.82 206
39.84 177
39.86 191
39.88 198
39.9 187
39.92 208
39.94 189
39.96 172
39.98 164
40 177
40.02 161
40.04 183
40.06 167
40.08 163
40.1 185
40.12 155
40.14 179
40.16 184
40.18 153
40.2 174
40.22 199
40.24 181
40.26 151
40.28 184
40.3 163
40.32 176
40.34 176
40.36 159
40.38 150
40.4 193
40.42 167
40.44 155
40.46 176
40.48 157
40.5 178
40.52 170
40.54 160
40.56 169
40.58 194
40.6 170
40.62 167
40.64 168
40.66 170
40.68 189
40.7 162
40.72 154
40.74 163
40.76 174
40.78 178
40.8 169
40.82 152
40.84 164
40.86 171
40.88 177
40.9 156
40.92 173
40.94 159
40.96 168
40.98 178
41 185
41.02 182
41.04 183
41.06 193
41.08 181
41.1 197
41.12 182
41.14 190
41.16 201
41.18 203
41.2 208
41.22 202
41.24 175
41.26 190
41.28 166
41.3 182
41.32 172
41.34 180
41.36 184
41.38 176
41.4 177
41.42 173
41.44 190
41.46 161
41.48 176
41.5 154
41.52 184
41.54 170
41.56 152
41.58 165
41.6 149
41.62 166
41.64 144
41.66 153
41.68 177
41.7 135
41.72 150
41.74 158
41.76 142
41.78 145
41.8 158
41.82 132
41.84 154
41.86 129
41.88 146
41.9 174
41.92 139
41.94 167
41.96 166
41.98 151
42 154
42.02 126
42.04 117
42.06 157
42.08 154
42.1 139
42.12 149
42.14 157
42.16 154
42.18 153
42.2 146
42.22 140
42.24 145
42.26 136
42.28 135
42.3 165
42.32 133
42.34 146
42.36 126
42.38 145
42.4 145
42.42 160
42.44 131
42.46 150
42.48 139
42.5 135
42.52 139
42.54 154
42.56 123
42.58 141
42.6 148
42.62 134
42.64 123
42.66 148
42.68 131
42.7 158
42.72 122
42.74 143
42.76 142
42.78 149
42.8 145
42.82 123
42.84 132
42.86 141
42.88 130
42.9 140
42.92 152
42.94 123
42.96 137
42.98 141
43 144
43.02 128
43.04 135
43.06 131
43.08 117
43.1 153
43.12 152
43.14 135
43.16 157
43.18 150
43.2 138
43.22 149
43.24 116
43.26 136
43.28 131
43.3 137
43.32 149
43.34 124
43.36 138
43.38 146
43.4 135
43.42 104
43.44 128
43.46 142
43.48 144
43.5 142
43.52 148
43.54 120
43.56 148
43.58 149
43.6 125
43.62 149
43.64 144
43.66 151
43.68 132
43.7 160
43.72 140
43.74 137
43.76 133
43.78 141
43.8 150
43.82 142
43.84 124
43.86 132
43.88 157
43.9 143
43.92 140
43.94 142
43.96 143
43.98 150
44 151
44.02 136
44.04 154
44.06 136
44.08 134
44.1 162
44.12 134
44.14 132
44.16 150
44.18 143
44.2 144
44.22 163
44.24 124
44.26 144
44.28 144
44.3 121
44.32 161
44.34 128
44.36 129
44.38 128
44.4 129
44.42 131
44.44 134
44.46 125
44.48 117
44.5 159
44.52 130
44.54 149
44.56 131
44.58 137
44.6 124
44.62 113
44.64 127
44.66 122
44.68 111
44.7 142
44.72 112
44.74 134
44.76 138
44.78 132
44.8 133
44.82 133
44.84 134
44.86 124
44.88 111
44.9 134
44.92 132
44.94 118
44.96 111
44.98 125
45 109
45.02 138
45.04 112
45.06 124
45.08 129
45.1 124
45.12 105
45.14 135
45.16 134
45.18 144
45.2 118
45.22 116
45.24 142
45.26 119
45.28 135
45.3 137
45.32 147
45.34 124
45.36 132
45.38 113
45.4 135
45.42 134
45.44 117
45.46 112
45.48 131
45.5 120
45.52 135
45.54 141
45.56 133
45.58 126
45.6 116
45.62 126
45.64 137
45.66 120
45.68 117
45.7 140
45.72 132
45.74 119
45.76 117
45.78 112
45.8 115
45.82 121
45.84 119
45.86 130
45.88 129
45.9 132
45.92 130
45.94 138
45.96 144
45.98 121
46 129
46.02 134
46.04 126
46.06 115
46.08 138
46.1 138
46.12 123
46.14 109
46.16 121
46.18 116
46.2 139
46.22 143
46.24 131
46.26 121
46.28 119
46.3 133
46.32 134
46.34 111
46.36 144
46.38 142
46.4 136
46.42 125
46.44 143
46.46 149
46.48 147
46.5 141
46.52 133
46.54 126
46.56 128
46.58 127
46.6 147
46.62 148
46.64 134
46.66 133
46.68 141
46.7 151
46.72 129
46.74 146
46.76 141
46.78 154
46.8 160
46.82 139
46.84 141
46.86 164
46.88 145
46.9 167
46.92 162
46.94 160
46.96 150
46.98 153
47 153
47.02 143
47.04 167
47.06 170
47.08 164
47.1 165
47.12 181
47.14 148
47.16 200
47.18 196
47.2 157
47.22 184
47.24 207
47.26 192
47.28 192
47.3 226
47.32 232
47.34 224
47.36 234
47.38 253
47.4 254
47.42 258
47.44 276
47.46 272
47.48 304
47.5 304
47.52 338
47.54 347
47.56 415
47.58 406
47.6 477
47.62 476
47.64 584
47.66 591
47.68 619
47.7 738
47.72 751
47.74 883
47.76 908
47.78 1034
47.8 1050
47.82 1175
47.84 1201
47.86 1280
47.88 1492
47.9 1510
47.92 1592
47.94 1730
47.96 1732
47.98 1802
48 1846
48.02 1933
48.04 1881
48.06 1946
48.08 1913
48.1 1895
48.12 1766
48.14 1824
48.16 1737
48.18 1613
48.2 1531
48.22 1470
48.24 1310
48.26 1255
48.28 1163
48.3 1080
48.32 991
48.34 905
48.36 891
48.38 766
48.4 673
48.42 632
48.44 644
48.46 528
48.48 507
48.5 471
48.52 439
48.54 381
48.56 388
48.58 368
48.6 355
48.62 297
48.64 300
48.66 266
48.68 241
48.7 243
48.72 229
48.74 238
48.76 231
48.78 229
48.8 226
48.82 212
48.84 160
48.86 181
48.88 184
48.9 176
48.92 167
48.94 191
48.96 183
48.98 158
49 162
49.02 170
49.04 169
49.06 164
49.08 158
49.1 163
49.12 165
49.14 138
49.16 142
49.18 164
49.2 143
49.22 140
49.24 145
49.26 121
49.28 124
49.3 141
49.32 128
49.34 149
49.36 138
49.38 130
49.4 123
49.42 132
49.44 127
49.46 159
49.48 121
49.5 123
49.52 138
49.54 137
49.56 103
49.58 130
49.6 129
49.62 113
49.64 126
49.66 122
49.68 117
49.7 118
49.72 125
49.74 128
49.76 117
49.78 118
49.8 117
49.82 115
49.84 124
49.86 126
49.88 117
49.9 103
49.92 124
49.94 108
49.96 126
49.98 130
50 114
50.02 123
50.04 126
50.06 109
50.08 111
50.1 119
50.12 92
50.14 128
50.16 106
50.18 100
50.2 108
50.22 107
50.24 114
50.26 106
50.28 102
50.3 132
50.32 109
50.34 115
50.36 121
50.38 90
50.4 122
50.42 128
50.44 89
50.46 114
50.48 112
50.5 122
50.52 121
50.54 107
50.56 102
50.58 114
50.6 101
50.62 89
50.64 103
50.66 104
50.68 135
50.7 98
50.72 105
50.74 125
50.76 98
50.78 132
50.8 101
50.82 110
50.84 95
50.86 98
50.88 110
50.9 118
50.92 100
50.94 97
50.96 119
50.98 96
51 112
51.02 105
51.04 106
51.06 105
51.08 118
51.1 94
51.12 122
51.14 105
51.16 84
51.18 100
51.2 96
51.22 104
51.24 106
51.26 98
51.28 108
51.3 77
51.32 100
51.34 96
51.36 110
51.38 97
51.4 117
51.42 88
51.44 110
51.46 109
51.48 102
51.5 101
51.52 108
51.54 95
51.56 115
51.58 113
51.6 105
51.62 98
51.64 96
51.66 112
51.68 85
51.7 120
51.72 103
51.74 123
51.76 118
51.78 98
51.8 109
51.82 107
51.84 80
51.86 100
51.88 115
51.9 124
51.92 92
51.94 101
51.96 119
51.98 98
52 114
52.02 97
52.04 100
52.06 102
52.08 124
52.1 103
52.12 104
52.14 120
52.16 99
52.18 117
52.2 116
52.22 113
52.24 109
52.26 107
52.28 118
52.3 107
52.32 96
52.34 90
52.36 113
52.38 124
52.4 122
52.42 122
52.44 127
52.46 110
52.48 121
52.5 126
52.52 125
52.54 115
52.56 116
52.58 108
52.6 120
52.62 140
52.64 125
52.66 121
52.68 121
52.7 107
52.72 124
52.74 120
52.76 123
52.78 113
52.8 148
52.82 130
52.84 110
52.86 140
52.88 140
52.9 143
52.92 153
52.94 133
52.96 146
52.98 143
53 145
53.02 159
53.04 136
53.06 162
53.08 149
53.1 157
53.12 182
53.14 164
53.16 188
53.18 175
53.2 203
53.22 171
53.24 212
53.26 218
53.28 232
53.3 213
53.32 199
53.34 236
53.36 247
53.38 240
53.4 281
53.42 356
53.44 316
53.46 390
53.48 384
53.5 410
53.52 470
53.54 504
53.56 491
53.58 568
53.6 598
53.62 629
53.64 702
53.66 768
53.68 799
53.7 815
53.72 865
53.74 1007
53.76 959
53.78 1058
53.8 1058
53.82 1033
53.84 1182
53.86 1179
53.88 1176
53.9 1176
53.92 1154
53.94 1183
53.96 1183
53.98 1127
54 1107
54.02 1055
54.04 1023
54.06 995
54.08 952
54.1 904
54.12 852
54.14 788
54.16 740
54.18 710
54.2 686
54.22 628
54.24 635
54.26 613
54.28 550
54.3 563
54.32 530
54.34 507
54.36 476
54.38 460
54.4 461
54.42 413
54.44 422
54.46 437
54.48 421
54.5 460
54.52 400
54.54 391
54.56 433
54.58 405
54.6 414
54.62 397
54.64 435
54.66 471
54.68 500
54.7 548
54.72 556
54.74 604
54.76 615
54.78 683
54.8 707
54.82 772
54.84 839
54.86 843
54.88 917
54.9 949
54.92 1003
54.94 991
54.96 1020
54.98 1080
55 1138
55.02 1132
55.04 1218
55.06 1204
55.08 1118
55.1 1199
55.12 1095
55.14 1072
55.16 1021
55.18 1042
55.2 1007
55.22 898
55.24 899
55.26 807
55.28 812
55.3 697
55.32 640
55.34 616
55.36 605
55.38 528
55.4 514
55.42 468
55.44 419
55.46 404
55.48 416
55.5 307
55.52 297
55.54 294
55.56 285
55.58 236
55.6 246
55.62 244
55.64 201
55.66 235
55.68 211
55.7 211
55.72 182
55.74 157
55.76 164
55.78 186
55.8 137
55.82 160
55.84 141
55.86 171
55.88 139
55.9 141
55.92 135
55.94 141
55.96 121
55.98 133
56 128
56.02 120
56.04 130
56.06 144
56.08 146
56.1 112
56.12 131
56.14 107
56.16 121
56.18 133
56.2 138
56.22 154
56.24 103
56.26 130
56.28 120
56.3 155
56.32 130
56.34 146
56.36 98
56.38 143
56.4 132
56.42 133
56.44 115
56.46 157
56.48 143
56.5 149
56.52 133
56.54 129
56.56 138
56.58 131
56.6 134
56.62 137
56.64 126
56.66 129
56.68 133
56.7 133
56.72 132
56.74 142
56.76 129
56.78 128
56.8 119
56.82 128
56.84 124
56.86 135
56.88 119
56.9 112
56.92 97
56.94 99
56.96 104
56.98 90
57 88
57.02 97
57.04 117
57.06 107
57.08 81
57.1 95
57.12 71
57.14 97
57.16 102
57.18 80
57.2 80
57.22 92
57.24 106
57.26 96
57.28 102
57.3 99
57.32 79
57.34 79
57.36 86
57.38 90
57.4 104
57.42 101
57.44 88
57.46 84
57.48 92
57.5 83
57.52 81
57.54 89
57.56 85
57.58 90
57.6 93
57.62 91
57.64 81
57.66 77
57.68 82
57.7 76
57.72 109
57.74 86
57.76 79
57.78 87
57.8 81
57.82 86
57.84 80
57.86 93
57.88 73
57.9 58
57.92 67
57.94 81
57.96 84
57.98 86
58 84
58.02 84
58.04 88
58.06 87
58.08 86
58.1 71
58.12 70
58.14 63
58.16 99
58.18 77
58.2 101
58.22 74
58.24 89
58.26 77
58.28 85
58.3 84
58.32 81
58.34 84
58.36 90
58.38 74
58.4 86
58.42 92
58.44 87
58.46 83
58.48 73
58.5 71
58.52 92
58.54 86
58.56 67
58.58 84
58.6 78
58.62 82
58.64 95
58.66 95
58.68 80
58.7 66
58.72 67
58.74 76
58.76 77
58.78 94
58.8 72
58.82 87
58.84 75
58.86 66
58.88 82
58.9 71
58.92 71
58.94 57
58.96 75
58.98 70
59 92
59.02 72
59.04 94
59.06 77
59.08 90
59.1 83
59.12 60
59.14 82
59.16 74
59.18 75
59.2 74
59.22 68
59.24 71
59.26 85
59.28 92
59.3 83
59.32 79
59.34 89
59.36 89
59.38 87
59.4 74
59.42 78
59.44 90
59.46 73
59.48 88
59.5 81
59.52 84
59.54 68
59.56 104
59.58 90
59.6 93
59.62 85
59.64 74
59.66 86
59.68 88
59.7 77
59.72 79
59.74 76
59.76 78
59.78 71
59.8 87
59.82 80
59.84 82
59.86 98
59.88 75
59.9 80
59.92 80
59.94 88
59.96 95
59.98 75
60 79
60.02 92
60.04 83
60.06 86
60.08 91
60.1 84
60.12 87
60.14 109
60.16 81
60.18 78
60.2 65
60.22 70
60.24 82
60.26 67
60.28 81
60.3 96
60.32 101
60.34 93
60.36 82
60.38 73
60.4 82
60.42 68
60.44 82
60.46 79
60.48 78
60.5 82
60.52 90
60.54 82
60.56 77
60.58 79
60.6 85
60.62 81
60.64 88
60.66 90
60.68 87
60.7 85
60.72 107
60.74 71
60.76 84
60.78 86
60.8 80
60.82 87
60.84 76
60.86 72
60.88 97
60.9 83
60.92 94
60.94 86
60.96 86
60.98 77
61 89
61.02 89
61.04 91
61.06 89
61.08 91
61.1 103
61.12 82
61.14 98
61.16 89
61.18 86
61.2 100
61.22 86
61.24 121
61.26 98
61.28 93
61.3 113
61.32 106
61.34 91
61.36 119
61.38 115
61.4 115
61.42 124
61.44 109
61.46 123
61.48 115
61.5 134
61.52 142
61.54 110
61.56 136
61.58 133
61.6 132
61.62 139
61.64 154
61.66 137
61.68 154
61.7 163
61.72 155
61.74 193
61.76 202
61.78 190
61.8 198
61.82 190
61.84 222
61.86 226
61.88 243
61.9 229
61.92 275
61.94 307
61.96 299
61.98 331
62 319
62.02 328
62.04 365
62.06 347
62.08 392
62.1 360
62.12 402
62.14 376
62.16 414
62.18 431
62.2 429
62.22 416
62.24 451
62.26 457
62.28 484
62.3 474
62.32 466
62.34 551
62.36 528
62.38 533
62.4 599
62.42 595
62.44 615
62.46 625
62.48 665
62.5 723
62.52 724
62.54 754
62.56 756
62.58 763
62.6 770
62.62 826
62.64 852
62.66 874
62.68 852
62.7 816
62.72 830
62.74 776
62.76 820
62.78 755
62.8 689
62.82 732
62.84 717
62.86 665
62.88 612
62.9 624
62.92 542
62.94 543
62.96 477
62.98 401
63 448
63.02 414
63.04 399
63.06 366
63.08 323
63.1 345
63.12 296
63.14 253
63.16 254
63.18 242
63.2 225
63.22 219
63.24 202
63.26 168
63.28 158
63.3 164
63.32 201
63.34 146
63.36 168
63.38 149
63.4 115
63.42 132
63.44 150
63.46 143
63.48 126
63.5 107
63.52 124
63.54 111
63.56 122
63.58 104
63.6 116
63.62 134
63.64 128
63.66 106
63.68 120
63.7 112
63.72 110
63.74 104
63.76 109
63.78 122
63.8 111
63.82 94
63.84 114
63.86 94
63.88 113
63.9 122
63.92 119
63.94 117
63.96 118
63.98 108
64 95
64.02 112
64.04 106
64.06 118
64.08 109
64.1 110
64.12 94
64.14 99
64.16 90
64.18 105
64.2 86
64.22 92
64.24 100
64.26 77
64.28 98
64.3 85
64.32 94
64.34 97
64.36 85
64.38 78
64.4 89
64.42 108
64.44 110
64.46 80
64.48 81
64.5 85
64.52 103
64.54 74
64.56 84
64.58 72
64.6 71
64.62 71
64.64 93
64.66 94
64.68 74
64.7 56
64.72 80
64.74 82
64.76 83
64.78 90
64.8 74
64.82 93
64.84 87
64.86 79
64.88 84
64.9 74
64.92 58
64.94 74
64.96 68
64.98 72
65 75
65.02 71
65.04 85
65.06 87
65.08 69
65.1 84
65.12 77
65.14 88
65.16 69
65.18 74
65.2 77
65.22 65
65.24 69
65.26 74
65.28 76
65.3 71
65.32 76
65.34 68
65.36 71
65.38 73
65.4 64
65.42 79
65.44 67
65.46 71
65.48 75
65.5 79
65.52 82
65.54 63
65.56 66
65.58 74
65.6 78
65.62 63
65.64 89
65.66 73
65.68 94
65.7 86
65.72 74
65.74 75
65.76 58
65.78 78
65.8 71
65.82 85
65.84 71
65.86 70
65.88 68
65.9 89
65.92 77
65.94 74
65.96 68
65.98 67
66 74
66.02 62
66.04 66
66.06 78
66.08 72
66.1 67
66.12 70
66.14 80
66.16 78
66.18 69
66.2 84
66.22 78
66.24 62
66.26 67
66.28 69
66.3 69
66.32 68
66.34 80
66.36 63
66.38 76
66.4 69
66.42 81
66.44 59
66.46 80
66.48 79
66.5 78
66.52 70
66.54 72
66.56 78
66.58 70
66.6 62
66.62 87
66.64 80
66.66 70
66.68 77
66.7 57
66.72 79
66.74 81
66.76 77
66.78 75
66.8 84
66.82 69
66.84 73
66.86 67
66.88 71
66.9 74
66.92 79
66.94 89
66.96 75
66.98 87
67 77
67.02 70
67.04 68
67.06 82
67.08 97
67.1 78
67.12 79
67.14 77
67.16 52
67.18 87
67.2 74
67.22 69
67.24 70
67.26 72
67.28 58
67.3 81
67.32 85
67.34 69
67.36 82
67.38 72
67.4 62
67.42 72
67.44 80
67.46 84
67.48 71
67.5 83
67.52 83
67.54 66
67.56 89
67.58 88
67.6 76
67.62 66
67.64 85
67.66 87
67.68 80
67.7 89
67.72 95
67.74 92
67.76 73
67.78 82
67.8 104
67.82 91
67.84 85
67.86 89
67.88 82
67.9 84
67.92 78
67.94 79
67.96 85
67.98 74
68 89
68.02 74
68.04 104
68.06 102
68.08 113
68.1 96
68.12 108
68.14 109
68.16 107
68.18 128
68.2 128
68.22 123
68.24 137
68.26 137
68.28 129
68.3 179
68.32 170
68.34 172
68.36 161
68.38 202
68.4 222
68.42 228
68.44 224
68.46 245
68.48 234
68.5 274
68.52 280
68.54 262
68.56 294
68.58 348
68.6 330
68.62 344
68.64 323
68.66 385
68.68 384
68.7 366
68.72 395
68.74 398
68.76 379
68.78 426
68.8 395
68.82 391
68.84 363
68.86 365
68.88 386
68.9 345
68.92 382
68.94 343
68.96 350
68.98 324
69 327
69.02 324
69.04 268
69.06 247
69.08 261
69.1 247
69.12 212
69.14 239
69.16 236
69.18 174
69.2 220
69.22 186
69.24 179
69.26 180
69.28 150
69.3 171
69.32 151
69.34 150
69.36 140
69.38 143
69.4 129
69.42 131
69.44 128
69.46 128
69.48 131
69.5 116
69.52 128
69.54 129
69.56 121
69.58 128
69.6 123
69.62 148
69.64 121
69.66 118
69.68 123
69.7 107
69.72 134
69.74 144
69.76 153
69.78 144
69.8 149
69.82 146
69.84 162
69.86 162
69.88 164
69.9 155
69.92 188
69.94 214
69.96 194
69.98 219
70 243
70.02 220
70.04 253
70.06 290
70.08 258
70.1 297
70.12 301
70.14 345
70.16 327
70.18 346
70.2 342
70.22 373
70.24 387
70.26 370
70.28 379
70.3 366
70.32 406
70.34 366
70.36 379
70.38 357
70.4 375
70.42 338
70.44 347
70.46 351
70.48 329
70.5 322
70.52 284
70.54 269
70.56 289
70.58 228
70.6 234
70.62 220
70.64 219
70.66 209
70.68 165
70.7 200
70.72 160
70.74 186
70.76 191
70.78 155
70.8 129
70.82 142
70.84 118
70.86 120
70.88 140
70.9 116
70.92 128
70.94 120
70.96 131
70.98 108
71 114
71.02 112
71.04 94
71.06 93
71.08 83
71.1 86
71.12 112
71.14 72
71.16 82
71.18 96
71.2 91
71.22 94
71.24 92
71.26 83
71.28 69
71.3 71
71.32 73
71.34 85
71.36 70
71.38 77
71.4 79
71.42 69
71.44 98
71.46 68
71.48 73
71.5 74
71.52 82
71.54 77
71.56 90
71.58 71
71.6 74
71.62 82
71.64 78
71.66 76
71.68 74
71.7 78
71.72 80
71.74 67
71.76 74
71.78 86
71.8 62
71.82 63
71.84 71
71.86 83
71.88 91
71.9 75
71.92 80
71.94 82
71.96 81
71.98 63
72 76
72.02 73
72.04 72
72.06 73
72.08 69
72.1 87
72.12 73
72.14 64
72.16 80
72.18 72
72.2 80
72.22 62
72.24 65
72.26 68
72.28 78
72.3 81
72.32 78
72.34 68
72.36 84
72.38 63
72.4 72
72.42 81
72.44 72
72.46 77
72.48 59
72.5 66
72.52 76
72.54 90
72.56 83
72.58 68
72.6 81
72.62 70
72.64 63
72.66 72
72.68 72
72.7 74
72.72 73
72.74 74
72.76 78
72.78 81
72.8 65
72.82 68
72.84 77
72.86 74
72.88 73
72.9 80
72.92 88
72.94 74
72.96 65
72.98 88
73 73
73.02 68
73.04 85
73.06 58
73.08 79
73.1 66
73.12 75
73.14 79
73.16 72
73.18 74
73.2 90
73.22 67
73.24 78
73.26 84
73.28 82
73.3 74
73.32 81
73.34 76
73.36 81
73.38 87
73.4 67
73.42 84
73.44 77
73.46 86
73.48 89
73.5 104
73.52 80
73.54 89
73.56 102
73.58 101
73.6 111
73.62 96
73.64 100
73.66 87
73.68 109
73.7 83
73.72 109
73.74 91
73.76 104
73.78 117
73.8 130
73.82 120
73.84 116
73.86 109
73.88 149
73.9 133
73.92 129
73.94 141
73.96 146
73.98 173
74 123
74.02 131
74.04 130
74.06 152
74.08 141
74.1 144
74.12 134
74.14 168
74.16 136
74.18 154
74.2 144
74.22 155
74.24 153
74.26 153
74.28 141
74.3 142
74.32 155
74.34 152
74.36 159
74.38 156
74.4 155
74.42 168
74.44 190
74.46 178
74.48 207
74.5 200
74.52 200
74.54 198
74.56 208
74.58 223
74.6 250
74.62 262
74.64 254
74.66 258
74.68 308
74.7 313
74.72 366
74.74 355
74.76 380
74.78 383
74.8 415
74.82 455
74.84 462
74.86 522
74.88 551
74.9 508
74.92 581
74.94 554
74.96 582
74.98 545
75 579
75.02 627
75.04 565
75.06 575
75.08 619
75.1 576
75.12 585
75.14 554
75.16 520
75.18 500
75.2 494
75.22 417
75.24 436
75.26 441
75.28 424
75.3 398
75.32 387
75.34 393
75.36 321
75.38 309
75.4 313
75.42 307
75.44 256
75.46 260
75.48 232
75.5 245
75.52 222
75.54 249
75.56 248
75.58 226
75.6 220
75.62 229
75.64 242
75.66 270
75.68 224
75.7 206
75.72 245
75.74 261
75.76 257
75.78 231
75.8 242
75.82 262
75.84 254
75.86 258
75.88 272
75.9 263
75.92 287
75.94 269
75.96 289
75.98 287
76 292
76.02 290
76.04 312
76.06 309
76.08 278
76.1 272
76.12 275
76.14 274
76.16 276
76.18 273
76.2 254
76.22 219
76.24 231
76.26 205
76.28 205
76.3 204
76.32 213
76.34 189
76.36 207
76.38 183
76.4 190
76.42 153
76.44 148
76.46 138
76.48 151
76.5 122
76.52 113
76.54 127
76.56 128
76.58 110
76.6 92
76.62 113
76.64 102
76.66 85
76.68 97
76.7 99
76.72 80
76.74 91
76.76 86
76.78 88
76.8 95
76.82 84
76.84 79
76.86 88
76.88 96
76.9 76
76.92 80
76.94 87
76.96 92
76.98 76
77 89
77.02 72
77.04 87
77.06 75
77.08 70
77.1 78
77.12 81
77.14 78
77.16 83
77.18 61
77.2 66
77.22 80
77.24 88
77.26 94
77.28 73
77.3 65
77.32 64
77.34 78
77.36 76
77.38 76
77.4 73
77.42 75
77.44 61
77.46 84
77.48 66
77.5 75
77.52 82
77.54 60
77.56 67
77.58 65
77.6 71
77.62 72
77.64 78
77.66 73
77.68 62
77.7 60
77.72 65
77.74 79
77.76 72
77.78 71
77.8 63
77.82 66
77.84 78
77.86 66
77.88 64
77.9 69
77.92 65
77.94 62
77.96 75
77.98 90
78 68
78.02 68
78.04 53
78.06 94
78.08 80
78.1 72
78.12 68
78.14 77
78.16 71
78.18 75
78.2 62
78.22 85
78.24 67
78.26 53
78.28 72
78.3 74
78.32 58
78.34 91
78.36 61
78.38 64
78.4 59
78.42 61
78.44 72
78.46 64
78.48 76
78.5 62
78.52 71
78.54 69
78.56 79
78.58 81
78.6 65
78.62 62
78.64 61
78.66 61
78.68 77
78.7 61
78.72 61
78.74 57
78.76 51
78.78 57
78.8 57
78.82 57
78.84 61
78.86 64
78.88 57
78.9 56
78.92 55
78.94 74
78.96 62
78.98 68
79 66
79.02 58
79.04 64
79.06 84
79.08 74
79.1 62
79.12 74
79.14 63
79.16 79
79.18 70
79.2 74
79.22 63
79.24 74
79.26 62
79.28 66
79.3 59
79.32 70
79.34 73
79.36 57
79.38 82
79.4 63
79.42 74
79.44 55
79.46 64
79.48 59
79.5 65
79.52 67
79.54 46
79.56 63
79.58 58
79.6 77
79.62 65
79.64 50
79.66 61
79.68 59
79.7 68
79.72 59
79.74 61
79.76 68
79.78 57
79.8 62
79.82 59
79.84 60
79.86 75
79.88 71
79.9 52
79.92 57
79.94 65
79.96 68
79.98 80
80 63
